0.0	0.0
0.004	0.0
0.008	0.0
0.012	0.0
0.016	0.0
0.02	0.0
0.024	0.0
0.028	0.0
0.032	0.0
0.036	0.0
0.04	0.0
0.044	0.0
0.048	-3.0
0.052	-4.0
0.056	-6.0
0.06	-9.0
0.064	-11.0
0.068	-12.0
0.072	-15.0
0.076	-18.0
0.08	-19.0
0.084	-20.0
0.088	-22.0
0.092	-23.0
0.096	-26.0
0.1	-27.0
0.104	-30.0
0.108	-32.0
0.112	-34.0
0.116	-37.0
0.12	-38.0
0.124	-40.0
0.128	-41.0
0.132	-41.0
0.136	-43.0
0.14	-45.0
0.144	-47.0
0.148	-47.0
0.152	-48.0
0.156	-49.0
0.16	-51.0
0.164	-53.0
0.168	-54.0
0.172	-54.0
0.176	-55.0
0.18	-54.0
0.184	-54.0
0.188	-53.0
0.192	-53.0
0.196	-55.0
0.2	-58.0
0.204	-62.0
0.208	-63.0
0.212	-63.0
0.216	-65.0
0.22	-68.0
0.224	-68.0
0.228	-67.0
0.232	-67.0
0.236	-68.0
0.24	-71.0
0.244	-75.0
0.248	-76.0
0.252	-76.0
0.256	-77.0
0.26	-80.0
0.264	-83.0
0.268	-81.0
0.272	-84.0
0.276	-87.0
0.28	-90.0
0.284	-91.0
0.288	-92.0
0.292	-94.0
0.296	-96.0
0.3	-99.0
0.304	-102.0
0.308	-103.0
0.312	-104.0
0.316	-102.0
0.32	-103.0
0.324	-103.0
0.328	-105.0
0.332	-107.0
0.336	-112.0
0.34	-117.0
0.344	-123.0
0.348	-129.0
0.352	-134.0
0.356	-137.0
0.36	-137.0
0.364	-136.0
0.368	-139.0
0.372	-142.0
0.376	-144.0
0.38	-145.0
0.384	-145.0
0.388	-146.0
0.392	-147.0
0.396	-148.0
0.4	-152.0
0.404	-154.0
0.408	-155.0
0.412	-157.0
0.416	-158.0
0.42	-160.0
0.424	-162.0
0.428	-166.0
0.432	-167.0
0.436	-163.0
0.44	-160.0
0.444	-161.0
0.448	-161.0
0.452	-162.0
0.456	-161.0
0.46	-151.0
0.464	-135.0
0.468	-109.0
0.472	-69.0
0.476	-17.0
0.48	45.0
0.484	106.0
0.488	152.0
0.492	165.0
0.496	144.0
0.5	99.0
0.504	41.0
0.508	-23.0
0.512	-83.0
0.516	-139.0
0.52	-190.0
0.524	-234.0
0.528	-268.0
0.532	-292.0
0.536	-305.0
0.54	-310.0
0.544	-309.0
0.548	-309.0
0.552	-309.0
0.556	-309.0
0.56	-310.0
0.564	-312.0
0.568	-313.0
0.572	-313.0
0.576	-314.0
0.58	-317.0
0.584	-318.0
0.588	-319.0
0.592	-319.0
0.596	-319.0
0.6	-320.0
0.604	-322.0
0.608	-323.0
0.612	-324.0
0.616	-326.0
0.62	-324.0
0.624	-320.0
0.628	-320.0
0.632	-325.0
0.636	-332.0
0.64	-341.0
0.644	-352.0
0.648	-362.0
0.652	-366.0
0.656	-363.0
0.66	-353.0
0.664	-337.0
0.668	-319.0
0.672	-301.0
0.676	-286.0
0.68	-276.0
0.684	-271.0
0.688	-268.0
0.692	-271.0
0.696	-278.0
0.7	-283.0
0.704	-287.0
0.708	-289.0
0.712	-292.0
0.716	-296.0
0.72	-299.0
0.724	-299.0
0.728	-300.0
0.732	-302.0
0.736	-302.0
0.74	-305.0
0.744	-307.0
0.748	-309.0
0.752	-309.0
0.756	-307.0
0.76	-307.0
0.764	-307.0
0.768	-308.0
0.772	-307.0
0.776	-302.0
0.78	-291.0
0.784	-273.0
0.788	-243.0
0.792	-202.0
0.796	-153.0
0.8	-95.0
0.804	-60.0
0.808	-557.0
0.812	-1855.0
0.816	-3006.0
0.82	-3227.0
0.824	-2652.0
0.828	-1425.0
0.832	355.0
0.836	2034.0
0.84	3143.0
0.844	3686.0
0.848	3763.0
0.852	3622.0
0.856	3422.0
0.86	3180.0
0.864	2862.0
0.868	2491.0
0.872	2093.0
0.876	1698.0
0.88	1356.0
0.884	1099.0
0.888	935.0
0.892	857.0
0.896	849.0
0.9	891.0
0.904	963.0
0.908	1042.0
0.912	1106.0
0.916	1136.0
0.92	1125.0
0.924	1070.0
0.928	974.0
0.932	847.0
0.936	700.0
0.94	548.0
0.944	401.0
0.948	267.0
0.952	152.0
0.956	56.0
0.96	-21.0
0.964	-78.0
0.968	-123.0
0.972	-157.0
0.976	-182.0
0.98	-201.0
0.984	-214.0
0.988	-224.0
0.992	-231.0
0.996	-236.0
1.0	-241.0
1.004	-245.0
1.008	-248.0
1.012	-248.0
1.016	-250.0
1.02	-251.0
1.024	-253.0
1.028	-253.0
1.032	-252.0
1.036	-251.0
1.04	-253.0
1.044	-255.0
1.048	-259.0
1.052	-260.0
1.056	-260.0
1.06	-262.0
1.064	-267.0
1.068	-271.0
1.072	-274.0
1.076	-278.0
1.08	-283.0
1.084	-286.0
1.088	-288.0
1.092	-290.0
1.096	-293.0
1.1	-297.0
1.104	-300.0
1.108	-302.0
1.112	-303.0
1.116	-306.0
1.12	-310.0
1.124	-313.0
1.128	-316.0
1.132	-316.0
1.136	-315.0
1.14	-316.0
1.144	-319.0
1.148	-320.0
1.152	-320.0
1.156	-320.0
1.16	-319.0
1.164	-319.0
1.168	-318.0
1.172	-316.0
1.176	-316.0
1.18	-316.0
1.184	-315.0
1.188	-314.0
1.192	-311.0
1.196	-310.0
1.2	-312.0
1.204	-313.0
1.208	-312.0
1.212	-310.0
1.216	-310.0
1.22	-310.0
1.224	-312.0
1.228	-314.0
1.232	-318.0
1.236	-321.0
1.24	-327.0
1.244	-332.0
1.248	-334.0
1.252	-337.0
1.256	-338.0
1.26	-340.0
1.264	-343.0
1.268	-346.0
1.272	-345.0
1.276	-340.0
1.28	-337.0
1.284	-334.0
1.288	-333.0
1.292	-331.0
1.296	-331.0
1.3	-332.0
1.304	-332.0
1.308	-331.0
1.312	-330.0
1.316	-329.0
1.32	-328.0
1.324	-327.0
1.328	-326.0
1.332	-321.0
1.336	-318.0
1.34	-318.0
1.344	-318.0
1.348	-314.0
1.352	-311.0
1.356	-310.0
1.36	-309.0
1.364	-307.0
1.368	-304.0
1.372	-304.0
1.376	-303.0
1.38	-301.0
1.384	-300.0
1.388	-300.0
1.392	-297.0
1.396	-296.0
1.4	-297.0
1.404	-298.0
1.408	-299.0
1.412	-298.0
1.416	-296.0
1.42	-294.0
1.424	-291.0
1.428	-290.0
1.432	-288.0
1.436	-285.0
1.44	-283.0
1.444	-282.0
1.448	-279.0
1.452	-277.0
1.456	-275.0
1.46	-272.0
1.464	-269.0
1.468	-268.0
1.472	-268.0
1.476	-267.0
1.48	-267.0
1.484	-264.0
1.488	-262.0
1.492	-260.0
1.496	-259.0
1.5	-257.0
1.504	-256.0
1.508	-254.0
1.512	-250.0
1.516	-250.0
1.52	-250.0
1.524	-250.0
1.528	-251.0
1.532	-249.0
1.536	-247.0
1.54	-245.0
1.544	-243.0
1.548	-241.0
1.552	-241.0
1.556	-240.0
1.56	-238.0
1.564	-235.0
1.568	-234.0
1.572	-231.0
1.576	-231.0
1.58	-233.0
1.584	-231.0
1.588	-231.0
1.592	-231.0
1.596	-231.0
1.6	-230.0
1.604	-228.0
1.608	-229.0
1.612	-227.0
1.616	-221.0
1.62	-220.0
1.624	-220.0
1.628	-217.0
1.632	-214.0
1.636	-210.0
1.64	-206.0
1.644	-202.0
1.648	-199.0
1.652	-198.0
1.656	-197.0
1.66	-192.0
1.664	-189.0
1.668	-187.0
1.672	-187.0
1.676	-187.0
1.68	-186.0
1.684	-185.0
1.688	-185.0
1.692	-186.0
1.696	-185.0
1.7	-186.0
1.704	-187.0
1.708	-185.0
1.712	-184.0
1.716	-184.0
1.72	-183.0
1.724	-181.0
1.728	-179.0
1.732	-178.0
1.736	-179.0
1.74	-178.0
1.744	-175.0
1.748	-172.0
1.752	-171.0
1.756	-171.0
1.76	-169.0
1.764	-169.0
1.768	-171.0
1.772	-171.0
1.776	-169.0
1.78	-167.0
1.784	-164.0
1.788	-161.0
1.792	-163.0
1.796	-163.0
1.8	-162.0
1.804	-161.0
1.808	-163.0
1.812	-165.0
1.816	-165.0
1.82	-165.0
1.824	-164.0
1.828	-164.0
1.832	-163.0
1.836	-162.0
1.84	-161.0
1.844	-161.0
1.848	-161.0
1.852	-159.0
1.856	-158.0
1.86	-156.0
1.864	-156.0
1.868	-155.0
1.872	-155.0
1.876	-155.0
1.88	-154.0
1.884	-155.0
1.888	-156.0
1.892	-154.0
1.896	-153.0
1.9	-152.0
1.904	-151.0
1.908	-150.0
1.912	-150.0
1.916	-150.0
1.92	-150.0
1.924	-150.0
1.928	-148.0
1.932	-146.0
1.936	-144.0
1.94	-142.0
1.944	-142.0
1.948	-143.0
1.952	-143.0
1.956	-141.0
1.96	-138.0
1.964	-137.0
1.968	-137.0
1.972	-137.0
1.976	-135.0
1.98	-134.0
1.984	-133.0
1.988	-133.0
1.992	-134.0
1.996	-133.0
2.0	-132.0
2.004	-129.0
2.008	-128.0
2.012	-128.0
2.016	-126.0
2.02	-125.0
2.024	-124.0
2.028	-123.0
2.032	-123.0
2.036	-122.0
2.04	-122.0
2.044	-120.0
2.048	-118.0
2.052	-117.0
2.056	-118.0
2.06	-118.0
2.064	-118.0
2.068	-115.0
2.072	-111.0
2.076	-108.0
2.08	-106.0
2.084	-104.0
2.088	-103.0
2.092	-103.0
2.096	-103.0
2.1	-100.0
2.104	-98.0
2.108	-99.0
2.112	-96.0
2.116	-95.0
2.12	-94.0
2.124	-93.0
2.128	-95.0
2.132	-96.0
2.136	-94.0
2.14	-92.0
2.144	-93.0
2.148	-93.0
2.152	-92.0
2.156	-90.0
2.16	-89.0
2.164	-91.0
2.168	-92.0
2.172	-91.0
2.176	-91.0
2.18	-89.0
2.184	-87.0
2.188	-87.0
2.192	-88.0
2.196	-88.0
2.2	-91.0
2.204	-91.0
2.208	-90.0
2.212	-93.0
2.216	-98.0
2.22	-101.0
2.224	-100.0
2.228	-99.0
2.232	-99.0
2.236	-99.0
2.24	-100.0
2.244	-97.0
2.248	-94.0
2.252	-92.0
2.256	-91.0
2.26	-91.0
2.264	-90.0
2.268	-89.0
2.272	-86.0
2.276	-85.0
2.28	-83.0
2.284	-79.0
2.288	-77.0
2.292	-76.0
2.296	-74.0
2.3	-72.0
2.304	-70.0
2.308	-71.0
2.312	-72.0
2.316	-73.0
2.32	-74.0
2.324	-76.0
2.328	-77.0
2.332	-75.0
2.336	-73.0
2.34	-71.0
2.344	-69.0
2.348	-68.0
2.352	-67.0
2.356	-67.0
2.36	-68.0
2.364	-67.0
2.368	-65.0
2.372	-63.0
2.376	-61.0
2.38	-60.0
2.384	-60.0
2.388	-61.0
2.392	-61.0
2.396	-60.0
2.4	-61.0
2.404	-60.0
2.408	-57.0
2.412	-55.0
2.416	-54.0
2.42	-55.0
2.424	-55.0
2.428	-56.0
2.432	-56.0
2.436	-55.0
2.44	-55.0
2.444	-54.0
2.448	-54.0
2.452	-54.0
2.456	-53.0
2.46	-51.0
2.464	-50.0
2.468	-51.0
2.472	-50.0
2.476	-50.0
2.48	-50.0
2.484	-46.0
2.488	-44.0
2.492	-44.0
2.496	-44.0
2.5	-44.0
2.504	-45.0
2.508	-45.0
2.512	-43.0
2.516	-43.0
2.52	-44.0
2.524	-45.0
2.528	-46.0
2.532	-46.0
2.536	-43.0
2.54	-44.0
2.544	-45.0
2.548	-41.0
2.552	-41.0
2.556	-41.0
2.56	-42.0
2.564	-42.0
2.568	-42.0
2.572	-43.0
2.576	-46.0
2.58	-48.0
2.584	-48.0
2.588	-46.0
2.592	-46.0
2.596	-48.0
2.6	-48.0
2.604	-47.0
2.608	-47.0
2.612	-49.0
2.616	-52.0
2.62	-53.0
2.624	-53.0
2.628	-53.0
2.632	-53.0
2.636	-51.0
2.64	-50.0
2.644	-51.0
2.648	-53.0
2.652	-52.0
2.656	-52.0
2.66	-51.0
2.664	-50.0
2.668	-50.0
2.672	-50.0
2.676	-49.0
2.68	-47.0
2.684	-47.0
2.688	-47.0
2.692	-44.0
2.696	-43.0
2.7	-42.0
2.704	-43.0
2.708	-43.0
2.712	-43.0
2.716	-42.0
2.72	-41.0
2.724	-41.0
2.728	-42.0
2.732	-43.0
2.736	-42.0
2.74	-43.0
2.744	-43.0
2.748	-42.0
2.752	-42.0
2.756	-42.0
2.76	-43.0
2.764	-43.0
2.768	-43.0
2.772	-43.0
2.776	-43.0
2.78	-45.0
2.784	-45.0
2.788	-44.0
2.792	-43.0
2.796	-43.0
2.8	-44.0
2.804	-45.0
2.808	-46.0
2.812	-45.0
2.816	-42.0
2.82	-42.0
2.824	-42.0
2.828	-40.0
2.832	-38.0
2.836	-36.0
2.84	-34.0
2.844	-35.0
2.848	-36.0
2.852	-37.0
2.856	-35.0
2.86	-33.0
2.864	-32.0
2.868	-32.0
2.872	-30.0
2.876	-28.0
2.88	-26.0
2.884	-26.0
2.888	-27.0
2.892	-28.0
2.896	-27.0
2.9	-25.0
2.904	-24.0
2.908	-25.0
2.912	-25.0
2.916	-23.0
2.92	-22.0
2.924	-20.0
2.928	-19.0
2.932	-19.0
2.936	-20.0
2.94	-20.0
2.944	-18.0
2.948	-17.0
2.952	-18.0
2.956	-18.0
2.96	-16.0
2.964	-16.0
2.968	-13.0
2.972	-11.0
2.976	-14.0
2.98	-12.0
2.984	-9.0
2.988	-9.0
2.992	-9.0
2.996	-10.0
3.0	-10.0
3.004	-10.0
3.008	-8.0
3.012	-6.0
3.016	-6.0
3.02	-6.0
3.024	-4.0
3.028	-5.0
3.032	-7.0
3.036	-7.0
3.04	-5.0
3.044	-4.0
3.048	-4.0
3.052	-6.0
3.056	-5.0
3.06	-4.0
3.064	-2.0
3.068	0.0
3.072	-0.0
3.076	0.0
3.08	0.0
3.084	0.0
3.088	2.0
3.092	4.0
3.096	6.0
3.1	6.0
3.104	7.0
3.108	10.0
3.112	8.0
3.116	7.0
3.12	9.0
3.124	10.0
3.128	11.0
3.132	11.0
3.136	11.0
3.14	13.0
3.144	15.0
3.148	14.0
3.152	11.0
3.156	9.0
3.16	8.0
3.164	10.0
3.168	14.0
3.172	15.0
3.176	13.0
3.18	14.0
3.184	13.0
3.188	13.0
3.192	14.0
3.196	15.0
3.2	15.0
3.204	14.0
3.208	13.0
3.212	14.0
3.216	14.0
3.22	15.0
3.224	14.0
3.228	12.0
3.232	10.0
3.236	11.0
3.24	15.0
3.244	17.0
3.248	19.0
3.252	19.0
3.256	19.0
3.26	16.0
3.264	15.0
3.268	16.0
3.272	15.0
3.276	13.0
3.28	12.0
3.284	12.0
3.288	13.0
3.292	14.0
3.296	16.0
3.3	16.0
3.304	16.0
3.308	17.0
3.312	15.0
3.316	15.0
3.32	13.0
3.324	12.0
3.328	12.0
3.332	11.0
3.336	12.0
3.34	14.0
3.344	15.0
3.348	17.0
3.352	19.0
3.356	19.0
3.36	17.0
3.364	16.0
3.368	17.0
3.372	17.0
3.376	16.0
3.38	16.0
3.384	16.0
3.388	16.0
3.392	17.0
3.396	18.0
3.4	19.0
3.404	19.0
3.408	21.0
3.412	22.0
3.416	20.0
3.42	19.0
3.424	19.0
3.428	21.0
3.432	22.0
3.436	22.0
3.44	22.0
3.444	21.0
3.448	21.0
3.452	22.0
3.456	22.0
3.46	22.0
3.464	22.0
3.468	22.0
3.472	22.0
3.476	21.0
3.48	19.0
3.484	19.0
3.488	18.0
3.492	16.0
3.496	16.0
3.5	14.0
3.504	13.0
3.508	15.0
3.512	14.0
3.516	13.0
3.52	13.0
3.524	12.0
3.528	11.0
3.532	10.0
3.536	10.0
3.54	11.0
3.544	10.0
3.548	9.0
3.552	10.0
3.556	10.0
3.56	8.0
3.564	5.0
3.568	3.0
3.572	0.0
3.576	-1.0
3.58	-0.0
3.584	-2.0
3.588	-5.0
3.592	-6.0
3.596	-7.0
3.6	-7.0
3.604	-8.0
3.608	-7.0
3.612	-6.0
3.616	-5.0
3.62	-3.0
3.624	-3.0
3.628	-5.0
3.632	-7.0
3.636	-11.0
3.64	-14.0
3.644	-14.0
3.648	-14.0
3.652	-13.0
3.656	-13.0
3.66	-15.0
3.664	-17.0
3.668	-18.0
3.672	-17.0
3.676	-17.0
3.68	-17.0
3.684	-18.0
3.688	-20.0
3.692	-22.0
3.696	-23.0
3.7	-24.0
3.704	-27.0
3.708	-27.0
3.712	-27.0
3.716	-27.0
3.72	-27.0
3.724	-27.0
3.728	-27.0
3.732	-27.0
3.736	-28.0
3.74	-27.0
3.744	-28.0
3.748	-29.0
3.752	-29.0
3.756	-31.0
3.76	-34.0
3.764	-36.0
3.768	-37.0
3.772	-36.0
3.776	-34.0
3.78	-35.0
3.784	-36.0
3.788	-36.0
3.792	-35.0
3.796	-37.0
3.8	-38.0
3.804	-41.0
3.808	-44.0
3.812	-45.0
3.816	-48.0
3.82	-51.0
3.824	-54.0
3.828	-56.0
3.832	-57.0
3.836	-59.0
3.84	-61.0
3.844	-63.0
3.848	-67.0
3.852	-69.0
3.856	-69.0
3.86	-69.0
3.864	-72.0
3.868	-74.0
3.872	-75.0
3.876	-78.0
3.88	-82.0
3.884	-82.0
3.888	-82.0
3.892	-83.0
3.896	-86.0
3.9	-87.0
3.904	-88.0
3.908	-88.0
3.912	-90.0
3.916	-91.0
3.92	-92.0
3.924	-93.0
3.928	-94.0
3.932	-95.0
3.936	-95.0
3.94	-97.0
3.944	-98.0
3.948	-98.0
3.952	-100.0
3.956	-102.0
3.96	-102.0
3.964	-103.0
3.968	-103.0
3.972	-101.0
3.976	-99.0
3.98	-101.0
3.984	-105.0
3.988	-109.0
3.992	-111.0
3.996	-112.0
4.0	-115.0
4.004	-118.0
4.008	-120.0
4.012	-121.0
4.016	-121.0
4.02	-123.0
4.024	-124.0
4.028	-123.0
4.032	-125.0
4.036	-126.0
4.04	-128.0
4.044	-130.0
4.048	-132.0
4.052	-135.0
4.056	-134.0
4.06	-133.0
4.064	-135.0
4.068	-138.0
4.072	-141.0
4.076	-143.0
4.08	-144.0
4.084	-143.0
4.088	-143.0
4.092	-144.0
4.096	-145.0
4.1	-147.0
4.104	-148.0
4.108	-150.0
4.112	-152.0
4.116	-152.0
4.12	-152.0
4.124	-153.0
4.128	-155.0
4.132	-157.0
4.136	-159.0
4.14	-162.0
4.144	-164.0
4.148	-165.0
4.152	-166.0
4.156	-168.0
4.16	-169.0
4.164	-169.0
4.168	-167.0
4.172	-167.0
4.176	-167.0
4.18	-169.0
4.184	-170.0
4.188	-169.0
4.192	-170.0
4.196	-169.0
4.2	-169.0
4.204	-171.0
4.208	-171.0
4.212	-172.0
4.216	-175.0
4.22	-176.0
4.224	-177.0
4.228	-178.0
4.232	-176.0
4.236	-176.0
4.24	-178.0
4.244	-176.0
4.248	-175.0
4.252	-177.0
4.256	-179.0
4.26	-180.0
4.264	-180.0
4.268	-181.0
4.272	-182.0
4.276	-183.0
4.28	-184.0
4.284	-184.0
4.288	-185.0
4.292	-186.0
4.296	-186.0
4.3	-185.0
4.304	-185.0
4.308	-185.0
4.312	-185.0
4.316	-186.0
4.32	-186.0
4.324	-185.0
4.328	-185.0
4.332	-187.0
4.336	-185.0
4.34	-184.0
4.344	-185.0
4.348	-184.0
4.352	-184.0
4.356	-182.0
4.36	-182.0
4.364	-185.0
4.368	-187.0
4.372	-185.0
4.376	-184.0
4.38	-185.0
4.384	-186.0
4.388	-185.0
4.392	-184.0
4.396	-182.0
4.4	-181.0
4.404	-180.0
4.408	-179.0
4.412	-180.0
4.416	-180.0
4.42	-181.0
4.424	-182.0
4.428	-182.0
4.432	-181.0
4.436	-180.0
4.44	-179.0
4.444	-180.0
4.448	-182.0
4.452	-182.0
4.456	-181.0
4.46	-180.0
4.464	-179.0
4.468	-178.0
4.472	-177.0
4.476	-175.0
4.48	-175.0
4.484	-176.0
4.488	-176.0
4.492	-176.0
4.496	-176.0
4.5	-174.0
4.504	-173.0
4.508	-172.0
4.512	-172.0
4.516	-171.0
4.52	-167.0
4.524	-166.0
4.528	-164.0
4.532	-163.0
4.536	-164.0
4.54	-165.0
4.544	-165.0
4.548	-165.0
4.552	-164.0
4.556	-164.0
4.56	-164.0
4.564	-162.0
4.568	-159.0
4.572	-155.0
4.576	-155.0
4.58	-156.0
4.584	-156.0
4.588	-153.0
4.592	-146.0
4.596	-142.0
4.6	-143.0
4.604	-144.0
4.608	-144.0
4.612	-143.0
4.616	-143.0
4.62	-143.0
4.624	-140.0
4.628	-137.0
4.632	-135.0
4.636	-133.0
4.64	-133.0
4.644	-134.0
4.648	-132.0
4.652	-129.0
4.656	-128.0
4.66	-126.0
4.664	-124.0
4.668	-120.0
4.672	-114.0
4.676	-109.0
4.68	-107.0
4.684	-107.0
4.688	-107.0
4.692	-105.0
4.696	-101.0
4.7	-97.0
4.704	-95.0
4.708	-93.0
4.712	-90.0
4.716	-87.0
4.72	-85.0
4.724	-83.0
4.728	-82.0
4.732	-81.0
4.736	-80.0
4.74	-79.0
4.744	-78.0
4.748	-76.0
4.752	-74.0
4.756	-71.0
4.76	-66.0
4.764	-64.0
4.768	-62.0
4.772	-59.0
4.776	-56.0
4.78	-52.0
4.784	-51.0
4.788	-50.0
4.792	-48.0
4.796	-45.0
4.8	-42.0
4.804	-38.0
4.808	-36.0
4.812	-35.0
4.816	-34.0
4.82	-33.0
4.824	-32.0
4.828	-28.0
4.832	-25.0
4.836	-24.0
4.84	-21.0
4.844	-18.0
4.848	-15.0
4.852	-11.0
4.856	-10.0
4.86	-9.0
4.864	-7.0
4.868	-7.0
4.872	-6.0
4.876	-4.0
4.88	-3.0
4.884	-3.0
4.888	-2.0
4.892	-1.0
4.896	-1.0
4.9	0.0
4.904	2.0
4.908	2.0
4.912	2.0
4.916	2.0
4.92	3.0
4.924	4.0
4.928	5.0
4.932	6.0
4.936	9.0
4.94	11.0
4.944	14.0
4.948	17.0
4.952	17.0
4.956	17.0
4.96	17.0
4.964	13.0
4.968	13.0
4.972	15.0
4.976	14.0
4.98	13.0
4.984	15.0
4.988	13.0
4.992	11.0
4.996	11.0
5.0	9.0
5.004	7.0
5.008	8.0
5.012	7.0
5.016	4.0
5.02	3.0
5.024	3.0
5.028	5.0
5.032	4.0
5.036	3.0
5.04	1.0
5.044	-1.0
5.048	-0.0
5.052	-1.0
5.056	-2.0
5.06	0.0
5.064	1.0
5.068	-2.0
5.072	-3.0
5.076	-2.0
5.08	-2.0
5.084	-2.0
5.088	-1.0
5.092	-0.0
5.096	2.0
5.1	2.0
5.104	5.0
5.108	6.0
5.112	4.0
5.116	4.0
5.12	7.0
5.124	10.0
5.128	9.0
5.132	8.0
5.136	9.0
5.14	10.0
5.144	9.0
5.148	10.0
5.152	10.0
5.156	10.0
5.16	11.0
5.164	14.0
5.168	14.0
5.172	15.0
5.176	16.0
5.18	14.0
5.184	14.0
5.188	12.0
5.192	13.0
5.196	15.0
5.2	18.0
5.204	18.0
5.208	17.0
5.212	17.0
5.216	17.0
5.22	17.0
5.224	15.0
5.228	12.0
5.232	8.0
5.236	6.0
5.24	1.0
5.244	-5.0
5.248	-13.0
5.252	-21.0
5.256	-28.0
5.26	-30.0
5.264	-29.0
5.268	-28.0
5.272	-25.0
5.276	-21.0
5.28	-17.0
5.284	-9.0
5.288	-1.0
5.292	6.0
5.296	15.0
5.3	24.0
5.304	29.0
5.308	35.0
5.312	40.0
5.316	44.0
5.32	50.0
5.324	54.0
5.328	57.0
5.332	59.0
5.336	62.0
5.34	65.0
5.344	66.0
5.348	68.0
5.352	72.0
5.356	76.0
5.36	77.0
5.364	80.0
5.368	84.0
5.372	84.0
5.376	84.0
5.38	84.0
5.384	85.0
5.388	84.0
5.392	84.0
5.396	85.0
5.4	87.0
5.404	89.0
5.408	91.0
5.412	93.0
5.416	94.0
5.42	97.0
5.424	101.0
5.428	104.0
5.432	108.0
5.436	113.0
5.44	115.0
5.444	115.0
5.448	115.0
5.452	116.0
5.456	118.0
5.46	120.0
5.464	124.0
5.468	131.0
5.472	135.0
5.476	137.0
5.48	140.0
5.484	141.0
5.488	142.0
5.492	143.0
5.496	142.0
5.5	143.0
5.504	144.0
5.508	143.0
5.512	141.0
5.516	138.0
5.52	134.0
5.524	130.0
5.528	127.0
5.532	123.0
5.536	121.0
5.54	120.0
5.544	118.0
5.548	115.0
5.552	109.0
5.556	104.0
5.56	102.0
5.564	101.0
5.568	99.0
5.572	98.0
5.576	97.0
5.58	98.0
5.584	100.0
5.588	104.0
5.592	109.0
5.596	111.0
5.6	114.0
5.604	119.0
5.608	122.0
5.612	127.0
5.616	131.0
5.62	134.0
5.624	136.0
5.628	137.0
5.632	137.0
5.636	138.0
5.64	138.0
5.644	137.0
5.648	137.0
5.652	138.0
5.656	139.0
5.66	138.0
5.664	136.0
5.668	137.0
5.672	137.0
5.676	136.0
5.68	135.0
5.684	130.0
5.688	128.0
5.692	126.0
5.696	123.0
5.7	120.0
5.704	116.0
5.708	115.0
5.712	112.0
5.716	110.0
5.72	109.0
5.724	107.0
5.728	105.0
5.732	102.0
5.736	99.0
5.74	94.0
5.744	89.0
5.748	83.0
5.752	78.0
5.756	77.0
5.76	74.0
5.764	70.0
5.768	64.0
5.772	62.0
5.776	62.0
5.78	61.0
5.784	59.0
5.788	55.0
5.792	53.0
5.796	51.0
5.8	49.0
5.804	51.0
5.808	50.0
5.812	50.0
5.816	52.0
5.82	53.0
5.824	55.0
5.828	57.0
5.832	58.0
5.836	59.0
5.84	63.0
5.844	66.0
5.848	68.0
5.852	71.0
5.856	72.0
5.86	72.0
5.864	74.0
5.868	76.0
5.872	77.0
5.876	80.0
5.88	83.0
5.884	84.0
5.888	85.0
5.892	89.0
5.896	92.0
5.9	94.0
5.904	100.0
5.908	102.0
5.912	102.0
5.916	105.0
5.92	105.0
5.924	106.0
5.928	108.0
5.932	110.0
5.936	113.0
5.94	116.0
5.944	118.0
5.948	118.0
5.952	120.0
5.956	122.0
5.96	125.0
5.964	124.0
5.968	123.0
5.972	126.0
5.976	132.0
5.98	138.0
5.984	142.0
5.988	144.0
5.992	146.0
5.996	151.0
6.0	157.0
6.004	165.0
6.008	172.0
6.012	177.0
6.016	181.0
6.02	182.0
6.024	185.0
6.028	188.0
6.032	191.0
6.036	192.0
6.04	191.0
6.044	190.0
6.048	191.0
6.052	191.0
6.056	191.0
6.06	190.0
6.064	186.0
6.068	185.0
6.072	183.0
6.076	179.0
6.08	177.0
6.084	176.0
6.088	175.0
6.092	174.0
6.096	173.0
6.1	174.0
6.104	177.0
6.108	181.0
6.112	185.0
6.116	189.0
6.12	195.0
6.124	203.0
6.128	210.0
6.132	216.0
6.136	222.0
6.14	227.0
6.144	233.0
6.148	238.0
6.152	244.0
6.156	247.0
6.16	249.0
6.164	250.0
6.168	252.0
6.172	253.0
6.176	254.0
6.18	256.0
6.184	256.0
6.188	258.0
6.192	260.0
6.196	263.0
6.2	266.0
6.204	266.0
6.208	266.0
6.212	270.0
6.216	272.0
6.22	270.0
6.224	271.0
6.228	273.0
6.232	275.0
6.236	276.0
6.24	276.0
6.244	276.0
6.248	277.0
6.252	278.0
6.256	281.0
6.26	285.0
6.264	288.0
6.268	293.0
6.272	299.0
6.276	303.0
6.28	308.0
6.284	315.0
6.288	324.0
6.292	330.0
6.296	336.0
6.3	343.0
6.304	348.0
6.308	356.0
6.312	365.0
6.316	373.0
6.32	382.0
6.324	390.0
6.328	394.0
6.332	399.0
6.336	404.0
6.34	411.0
6.344	418.0
6.348	422.0
6.352	426.0
6.356	430.0
6.36	434.0
6.364	437.0
6.368	440.0
6.372	444.0
6.376	447.0
6.38	451.0
6.384	456.0
6.388	460.0
6.392	461.0
6.396	461.0
6.4	463.0
6.404	462.0
6.408	461.0
6.412	462.0
6.416	460.0
6.42	458.0
6.424	458.0
6.428	456.0
6.432	455.0
6.436	456.0
6.44	455.0
6.444	452.0
6.448	446.0
6.452	443.0
6.456	439.0
6.46	433.0
6.464	428.0
6.468	423.0
6.472	419.0
6.476	414.0
6.48	409.0
6.484	404.0
6.488	399.0
6.492	390.0
6.496	382.0
6.5	376.0
6.504	369.0
6.508	361.0
6.512	356.0
6.516	351.0
6.52	344.0
6.524	336.0
6.528	330.0
6.532	325.0
6.536	320.0
6.54	314.0
6.544	307.0
6.548	299.0
6.552	291.0
6.556	281.0
6.56	270.0
6.564	263.0
6.568	260.0
6.572	255.0
6.576	248.0
6.58	241.0
6.584	237.0
6.588	232.0
6.592	226.0
6.596	223.0
6.6	221.0
6.604	218.0
6.608	215.0
6.612	212.0
6.616	210.0
6.62	208.0
6.624	206.0
6.628	207.0
6.632	207.0
6.636	207.0
6.64	206.0
6.644	207.0
6.648	208.0
6.652	207.0
6.656	208.0
6.66	209.0
6.664	212.0
6.668	215.0
6.672	216.0
6.676	218.0
6.68	221.0
6.684	225.0
6.688	228.0
6.692	231.0
6.696	231.0
6.7	232.0
6.704	232.0
6.708	232.0
6.712	233.0
6.716	233.0
6.72	233.0
6.724	232.0
6.728	230.0
6.732	229.0
6.736	231.0
6.74	233.0
6.744	236.0
6.748	240.0
6.752	243.0
6.756	246.0
6.76	253.0
6.764	259.0
6.768	261.0
6.772	263.0
6.776	264.0
6.78	268.0
6.784	275.0
6.788	283.0
6.792	298.0
6.796	319.0
6.8	347.0
6.804	381.0
6.808	419.0
6.812	462.0
6.816	504.0
6.82	540.0
6.824	569.0
6.828	583.0
6.832	580.0
6.836	562.0
6.84	531.0
6.844	494.0
6.848	456.0
6.852	421.0
6.856	389.0
6.86	364.0
6.864	346.0
6.868	334.0
6.872	327.0
6.876	324.0
6.88	321.0
6.884	320.0
6.888	319.0
6.892	320.0
6.896	323.0
6.9	325.0
6.904	330.0
6.908	333.0
6.912	330.0
6.916	323.0
6.92	309.0
6.924	287.0
6.928	255.0
6.932	215.0
6.936	174.0
6.94	136.0
6.944	99.0
6.948	69.0
6.952	47.0
6.956	31.0
6.96	21.0
6.964	17.0
6.968	26.0
6.972	42.0
6.976	60.0
6.98	83.0
6.984	107.0
6.988	133.0
6.992	157.0
6.996	178.0
7.0	201.0
7.004	222.0
7.008	239.0
7.012	254.0
7.016	267.0
7.02	278.0
7.024	291.0
7.028	302.0
7.032	310.0
7.036	318.0
7.04	324.0
7.044	328.0
7.048	331.0
7.052	334.0
7.056	336.0
7.06	338.0
7.064	342.0
7.068	348.0
7.072	353.0
7.076	358.0
7.08	363.0
7.084	369.0
7.088	375.0
7.092	381.0
7.096	386.0
7.1	392.0
7.104	398.0
7.108	405.0
7.112	414.0
7.116	425.0
7.12	434.0
7.124	442.0
7.128	450.0
7.132	459.0
7.136	467.0
7.14	475.0
7.144	479.0
7.148	483.0
7.152	487.0
7.156	491.0
7.16	496.0
7.164	500.0
7.168	502.0
7.172	503.0
7.176	500.0
7.18	496.0
7.184	491.0
7.188	482.0
7.192	469.0
7.196	455.0
7.2	441.0
7.204	426.0
7.208	411.0
7.212	395.0
7.216	377.0
7.22	361.0
7.224	344.0
7.228	328.0
7.232	312.0
7.236	299.0
7.24	287.0
7.244	275.0
7.248	263.0
7.252	251.0
7.256	244.0
7.26	239.0
7.264	237.0
7.268	237.0
7.272	239.0
7.276	241.0
7.28	245.0
7.284	253.0
7.288	262.0
7.292	271.0
7.296	282.0
7.3	291.0
7.304	300.0
7.308	308.0
7.312	316.0
7.316	327.0
7.32	337.0
7.324	349.0
7.328	362.0
7.332	378.0
7.336	400.0
7.34	419.0
7.344	430.0
7.348	425.0
7.352	394.0
7.356	333.0
7.36	243.0
7.364	134.0
7.368	17.0
7.372	-87.0
7.376	-164.0
7.38	-210.0
7.384	-221.0
7.388	-202.0
7.392	-161.0
7.396	-110.0
7.4	-55.0
7.404	-1.0
7.408	49.0
7.412	97.0
7.416	136.0
7.42	168.0
7.424	195.0
7.428	214.0
7.432	232.0
7.436	247.0
7.44	259.0
7.444	268.0
7.448	275.0
7.452	280.0
7.456	286.0
7.46	291.0
7.464	296.0
7.468	301.0
7.472	304.0
7.476	307.0
7.48	315.0
7.484	326.0
7.488	333.0
7.492	342.0
7.496	352.0
7.5	361.0
7.504	373.0
7.508	385.0
7.512	395.0
7.516	406.0
7.52	416.0
7.524	427.0
7.528	440.0
7.532	452.0
7.536	464.0
7.54	477.0
7.544	491.0
7.548	504.0
7.552	518.0
7.556	533.0
7.56	546.0
7.564	562.0
7.568	578.0
7.572	592.0
7.576	607.0
7.58	624.0
7.584	641.0
7.588	660.0
7.592	680.0
7.596	700.0
7.6	718.0
7.604	736.0
7.608	756.0
7.612	775.0
7.616	794.0
7.62	809.0
7.624	821.0
7.628	831.0
7.632	839.0
7.636	845.0
7.64	849.0
7.644	851.0
7.648	848.0
7.652	843.0
7.656	835.0
7.66	828.0
7.664	820.0
7.668	808.0
7.672	792.0
7.676	775.0
7.68	755.0
7.684	733.0
7.688	712.0
7.692	690.0
7.696	670.0
7.7	647.0
7.704	624.0
7.708	601.0
7.712	577.0
7.716	553.0
7.72	527.0
7.724	499.0
7.728	473.0
7.732	447.0
7.736	419.0
7.74	391.0
7.744	368.0
7.748	349.0
7.752	327.0
7.756	307.0
7.76	288.0
7.764	271.0
7.768	257.0
7.772	243.0
7.776	229.0
7.78	217.0
7.784	205.0
7.788	192.0
7.792	181.0
7.796	171.0
7.8	162.0
7.804	153.0
7.808	145.0
7.812	138.0
7.816	132.0
7.82	126.0
7.824	122.0
7.828	121.0
7.832	121.0
7.836	120.0
7.84	120.0
7.844	121.0
7.848	123.0
7.852	128.0
7.856	135.0
7.86	141.0
7.864	148.0
7.868	158.0
7.872	166.0
7.876	180.0
7.88	198.0
7.884	214.0
7.888	231.0
7.892	248.0
7.896	261.0
7.9	271.0
7.904	282.0
7.908	290.0
7.912	296.0
7.916	300.0
7.92	307.0
7.924	314.0
7.928	322.0
7.932	329.0
7.936	336.0
7.94	340.0
7.944	345.0
7.948	349.0
7.952	351.0
7.956	352.0
7.96	354.0
7.964	358.0
7.968	360.0
7.972	359.0
7.976	362.0
7.98	365.0
7.984	368.0
7.988	369.0
7.992	371.0
7.996	372.0
8.0	370.0
8.004	371.0
8.008	371.0
8.012	372.0
8.016	375.0
8.02	377.0
8.024	378.0
8.028	378.0
8.032	378.0
8.036	380.0
8.04	380.0
8.044	379.0
8.048	379.0
8.052	382.0
8.056	383.0
8.06	383.0
8.064	385.0
8.068	385.0
8.072	387.0
8.076	391.0
8.08	394.0
8.084	402.0
8.088	414.0
8.092	426.0
8.096	443.0
8.1	464.0
8.104	490.0
8.108	516.0
8.112	540.0
8.116	563.0
8.12	582.0
8.124	596.0
8.128	606.0
8.132	609.0
8.136	604.0
8.14	592.0
8.144	573.0
8.148	548.0
8.152	519.0
8.156	485.0
8.16	448.0
8.164	411.0
8.168	379.0
8.172	349.0
8.176	324.0
8.18	310.0
8.184	303.0
8.188	300.0
8.192	302.0
8.196	309.0
8.2	319.0
8.204	327.0
8.208	337.0
8.212	346.0
8.216	353.0
8.22	360.0
8.224	370.0
8.228	380.0
8.232	385.0
8.236	389.0
8.24	393.0
8.244	396.0
8.248	395.0
8.252	394.0
8.256	395.0
8.26	394.0
8.264	392.0
8.268	393.0
8.272	395.0
8.276	396.0
8.28	398.0
8.284	400.0
8.288	402.0
8.292	404.0
8.296	403.0
8.3	402.0
8.304	403.0
8.308	404.0
8.312	403.0
8.316	404.0
8.32	403.0
8.324	402.0
8.328	404.0
8.332	405.0
8.336	409.0
8.34	413.0
8.344	417.0
8.348	424.0
8.352	430.0
8.356	435.0
8.36	439.0
8.364	444.0
8.368	450.0
8.372	453.0
8.376	454.0
8.38	456.0
8.384	459.0
8.388	464.0
8.392	467.0
8.396	472.0
8.4	479.0
8.404	486.0
8.408	498.0
8.412	514.0
8.416	534.0
8.42	552.0
8.424	566.0
8.428	574.0
8.432	575.0
8.436	571.0
8.44	566.0
8.444	560.0
8.448	553.0
8.452	546.0
8.456	539.0
8.46	530.0
8.464	523.0
8.468	515.0
8.472	507.0
8.476	497.0
8.48	487.0
8.484	478.0
8.488	470.0
8.492	463.0
8.496	456.0
8.5	448.0
8.504	440.0
8.508	434.0
8.512	431.0
8.516	429.0
8.52	427.0
8.524	425.0
8.528	425.0
8.532	425.0
8.536	426.0
8.54	426.0
8.544	425.0
8.548	427.0
8.552	429.0
8.556	433.0
8.56	440.0
8.564	451.0
8.568	461.0
8.572	474.0
8.576	490.0
8.58	511.0
8.584	530.0
8.588	543.0
8.592	549.0
8.596	545.0
8.6	533.0
8.604	515.0
8.608	498.0
8.612	480.0
8.616	464.0
8.62	454.0
8.624	449.0
8.628	447.0
8.632	449.0
8.636	451.0
8.64	456.0
8.644	459.0
8.648	461.0
8.652	461.0
8.656	461.0
8.66	461.0
8.664	462.0
8.668	464.0
8.672	469.0
8.676	473.0
8.68	477.0
8.684	484.0
8.688	490.0
8.692	495.0
8.696	500.0
8.7	508.0
8.704	518.0
8.708	527.0
8.712	539.0
8.716	552.0
8.72	562.0
8.724	568.0
8.728	576.0
8.732	581.0
8.736	582.0
8.74	581.0
8.744	579.0
8.748	578.0
8.752	573.0
8.756	567.0
8.76	556.0
8.764	544.0
8.768	534.0
8.772	523.0
8.776	507.0
8.78	491.0
8.784	475.0
8.788	459.0
8.792	448.0
8.796	441.0
8.8	437.0
8.804	435.0
8.808	437.0
8.812	438.0
8.816	443.0
8.82	451.0
8.824	460.0
8.828	470.0
8.832	482.0
8.836	494.0
8.84	507.0
8.844	518.0
8.848	528.0
8.852	536.0
8.856	541.0
8.86	544.0
8.864	545.0
8.868	545.0
8.872	545.0
8.876	546.0
8.88	547.0
8.884	549.0
8.888	552.0
8.892	554.0
8.896	556.0
8.9	560.0
8.904	565.0
8.908	571.0
8.912	580.0
8.916	588.0
8.92	597.0
8.924	605.0
8.928	615.0
8.932	624.0
8.936	631.0
8.94	638.0
8.944	647.0
8.948	655.0
8.952	659.0
8.956	661.0
8.96	660.0
8.964	657.0
8.968	650.0
8.972	639.0
8.976	626.0
8.98	610.0
8.984	595.0
8.988	577.0
8.992	558.0
8.996	541.0
9.0	529.0
9.004	516.0
9.008	507.0
9.012	505.0
9.016	504.0
9.02	506.0
9.024	512.0
9.028	522.0
9.032	538.0
9.036	570.0
9.04	627.0
9.044	713.0
9.048	826.0
9.052	948.0
9.056	1055.0
9.06	1118.0
9.064	1123.0
9.068	1079.0
9.072	1004.0
9.076	918.0
9.08	834.0
9.084	762.0
9.088	704.0
9.092	658.0
9.096	627.0
9.1	605.0
9.104	589.0
9.108	581.0
9.112	578.0
9.116	584.0
9.12	596.0
9.124	611.0
9.128	629.0
9.132	652.0
9.136	676.0
9.14	696.0
9.144	716.0
9.148	737.0
9.152	762.0
9.156	788.0
9.16	809.0
9.164	826.0
9.168	833.0
9.172	829.0
9.176	817.0
9.18	802.0
9.184	790.0
9.188	785.0
9.192	793.0
9.196	807.0
9.2	826.0
9.204	847.0
9.208	869.0
9.212	897.0
9.216	928.0
9.22	962.0
9.224	997.0
9.228	1029.0
9.232	1057.0
9.236	1079.0
9.24	1097.0
9.244	1112.0
9.248	1125.0
9.252	1134.0
9.256	1136.0
9.26	1134.0
9.264	1126.0
9.268	1118.0
9.272	1114.0
9.276	1116.0
9.28	1126.0
9.284	1142.0
9.288	1165.0
9.292	1192.0
9.296	1228.0
9.3	1282.0
9.304	1361.0
9.308	1455.0
9.312	1548.0
9.316	1621.0
9.32	1668.0
9.324	1704.0
9.328	1759.0
9.332	1867.0
9.336	2038.0
9.34	2254.0
9.344	2475.0
9.348	2657.0
9.352	2769.0
9.356	2809.0
9.36	2793.0
9.364	2746.0
9.368	2684.0
9.372	2608.0
9.376	2520.0
9.38	2419.0
9.384	2317.0
9.388	2223.0
9.392	2153.0
9.396	2125.0
9.4	2151.0
9.404	2237.0
9.408	2370.0
9.412	2521.0
9.416	2649.0
9.42	2718.0
9.424	2715.0
9.428	2647.0
9.432	2548.0
9.436	2449.0
9.44	2373.0
9.444	2330.0
9.448	2322.0
9.452	2341.0
9.456	2388.0
9.46	2472.0
9.464	2596.0
9.468	2754.0
9.472	2928.0
9.476	3089.0
9.48	3208.0
9.484	3269.0
9.488	3274.0
9.492	3244.0
9.496	3206.0
9.5	3179.0
9.504	3170.0
9.508	3181.0
9.512	3223.0
9.516	3321.0
9.52	3497.0
9.524	3755.0
9.528	4062.0
9.532	4364.0
9.536	4591.0
9.54	4695.0
9.544	4662.0
9.548	4521.0
9.552	4324.0
9.556	4119.0
9.56	3931.0
9.564	3772.0
9.568	3651.0
9.572	3560.0
9.576	3493.0
9.58	3442.0
9.584	3402.0
9.588	3365.0
9.592	3326.0
9.596	3285.0
9.6	3252.0
9.604	3233.0
9.608	3231.0
9.612	3248.0
9.616	3279.0
9.62	3317.0
9.624	3357.0
9.628	3399.0
9.632	3448.0
9.636	3513.0
9.64	3607.0
9.644	3731.0
9.648	3870.0
9.652	3998.0
9.656	4089.0
9.66	4127.0
9.664	4112.0
9.668	4066.0
9.672	4010.0
9.676	3958.0
9.68	3921.0
9.684	3902.0
9.688	3910.0
9.692	3949.0
9.696	4021.0
9.7	4121.0
9.704	4232.0
9.708	4333.0
9.712	4410.0
9.716	4468.0
9.72	4528.0
9.724	4623.0
9.728	4770.0
9.732	4964.0
9.736	5180.0
9.74	5378.0
9.744	5524.0
9.748	5602.0
9.752	5618.0
9.756	5598.0
9.76	5571.0
9.764	5562.0
9.768	5586.0
9.772	5651.0
9.776	5759.0
9.78	5896.0
9.784	6031.0
9.788	6125.0
9.792	6156.0
9.796	6129.0
9.8	6086.0
9.804	6083.0
9.808	6160.0
9.812	6335.0
9.816	6570.0
9.82	6804.0
9.824	6984.0
9.828	7074.0
9.832	7072.0
9.836	7002.0
9.84	6886.0
9.844	6746.0
9.848	6602.0
9.852	6466.0
9.856	6350.0
9.86	6271.0
9.864	6256.0
9.868	6325.0
9.872	6490.0
9.876	6743.0
9.88	7045.0
9.884	7331.0
9.888	7521.0
9.892	7559.0
9.896	7429.0
9.9	7171.0
9.904	6863.0
9.908	6594.0
9.912	6422.0
9.916	6371.0
9.92	6421.0
9.924	6529.0
9.928	6675.0
9.932	6912.0
9.936	7391.0
9.94	8415.0
9.944	11208.0
9.948	19891.0
9.952	41558.0
9.956	82321.0
9.96	143583.0
9.964	220887.0
9.968	303383.0
9.972	376316.0
9.976	426782.0
9.98	448412.0
9.984	442436.0
9.988	414987.0
9.992	373723.0
9.996	325898.0
10.0	277243.0
10.004	231450.0
10.008	190622.0
10.012	155658.0
10.016	126553.0
10.02	102833.0
10.024	83875.0
10.028	68986.0
10.032	57413.0
10.036	48438.0
10.04	41401.0
10.044	35737.0
10.048	31047.0
10.052	27144.0
10.056	24038.0
10.06	21860.0
10.064	20737.0
10.068	20645.0
10.072	21333.0
10.076	22339.0
10.08	23132.0
10.084	23290.0
10.088	22631.0
10.092	21230.0
10.096	19349.0
10.1	17302.0
10.104	15358.0
10.108	13708.0
10.112	12474.0
10.116	11730.0
10.12	11525.0
10.124	11843.0
10.128	12578.0
10.132	13529.0
10.136	14447.0
10.14	15099.0
10.144	15327.0
10.148	15082.0
10.152	14420.0
10.156	13455.0
10.16	12323.0
10.164	11156.0
10.168	10066.0
10.172	9125.0
10.176	8378.0
10.18	7837.0
10.184	7468.0
10.188	7209.0
10.192	6990.0
10.196	6759.0
10.2	6498.0
10.204	6235.0
10.208	6036.0
10.212	5983.0
10.216	6126.0
10.22	6441.0
10.224	6840.0
10.228	7201.0
10.232	7408.0
10.236	7408.0
10.24	7227.0
10.244	6946.0
10.248	6671.0
10.252	6490.0
10.256	6450.0
10.26	6542.0
10.264	6711.0
10.268	6872.0
10.272	6951.0
10.276	6912.0
10.28	6767.0
10.284	6553.0
10.288	6320.0
10.292	6109.0
10.296	5925.0
10.3	5754.0
10.304	5582.0
10.308	5400.0
10.312	5209.0
10.316	5023.0
10.32	4847.0
10.324	4687.0
10.328	4537.0
10.332	4394.0
10.336	4254.0
10.34	4116.0
10.344	3986.0
10.348	3874.0
10.352	3793.0
10.356	3760.0
10.36	3782.0
10.364	3858.0
10.368	3973.0
10.372	4109.0
10.376	4242.0
10.38	4352.0
10.384	4421.0
10.388	4438.0
10.392	4404.0
10.396	4331.0
10.4	4232.0
10.404	4136.0
10.408	4067.0
10.412	4042.0
10.416	4067.0
10.42	4143.0
10.424	4262.0
10.428	4413.0
10.432	4580.0
10.436	4752.0
10.44	4915.0
10.444	5049.0
10.448	5125.0
10.452	5112.0
10.456	4993.0
10.46	4776.0
10.464	4486.0
10.468	4161.0
10.472	3837.0
10.476	3543.0
10.48	3290.0
10.484	3080.0
10.488	2917.0
10.492	2806.0
10.496	2746.0
10.5	2732.0
10.504	2762.0
10.508	2828.0
10.512	2905.0
10.516	2976.0
10.52	3022.0
10.524	3028.0
10.528	2989.0
10.532	2912.0
10.536	2801.0
10.54	2668.0
10.544	2526.0
10.548	2384.0
10.552	2250.0
10.556	2133.0
10.56	2037.0
10.564	1961.0
10.568	1898.0
10.572	1848.0
10.576	1811.0
10.58	1786.0
10.584	1783.0
10.588	1819.0
10.592	1910.0
10.596	2061.0
10.6	2256.0
10.604	2466.0
10.608	2647.0
10.612	2757.0
10.616	2774.0
10.62	2695.0
10.624	2541.0
10.628	2343.0
10.632	2134.0
10.636	1938.0
10.64	1766.0
10.644	1622.0
10.648	1510.0
10.652	1424.0
10.656	1360.0
10.66	1312.0
10.664	1280.0
10.668	1257.0
10.672	1240.0
10.676	1229.0
10.68	1222.0
10.684	1219.0
10.688	1217.0
10.692	1218.0
10.696	1219.0
10.7	1216.0
10.704	1208.0
10.708	1199.0
10.712	1192.0
10.716	1191.0
10.72	1198.0
10.724	1210.0
10.728	1224.0
10.732	1234.0
10.736	1233.0
10.74	1221.0
10.744	1198.0
10.748	1169.0
10.752	1136.0
10.756	1100.0
10.76	1064.0
10.764	1030.0
10.768	1000.0
10.772	974.0
10.776	950.0
10.78	932.0
10.784	917.0
10.788	904.0
10.792	895.0
10.796	887.0
10.8	881.0
10.804	876.0
10.808	873.0
10.812	869.0
10.816	864.0
10.82	857.0
10.824	848.0
10.828	837.0
10.832	829.0
10.836	824.0
10.84	821.0
10.844	820.0
10.848	818.0
10.852	815.0
10.856	811.0
10.86	804.0
10.864	800.0
10.868	800.0
10.872	801.0
10.876	807.0
10.88	814.0
10.884	819.0
10.888	822.0
10.892	824.0
10.896	824.0
10.9	823.0
10.904	822.0
10.908	822.0
10.912	825.0
10.916	829.0
10.92	835.0
10.924	844.0
10.928	857.0
10.932	868.0
10.936	874.0
10.94	880.0
10.944	882.0
10.948	880.0
10.952	874.0
10.956	867.0
10.96	865.0
10.964	868.0
10.968	875.0
10.972	886.0
10.976	896.0
10.98	901.0
10.984	900.0
10.988	886.0
10.992	861.0
10.996	831.0
11.0	794.0
11.004	758.0
11.008	728.0
11.012	703.0
11.016	683.0
11.02	669.0
11.024	659.0
11.028	654.0
11.032	654.0
11.036	655.0
11.04	655.0
11.044	654.0
11.048	653.0
11.052	652.0
11.056	649.0
11.06	647.0
11.064	645.0
11.068	642.0
11.072	642.0
11.076	642.0
11.08	644.0
11.084	650.0
11.088	657.0
11.092	664.0
11.096	671.0
11.1	678.0
11.104	687.0
11.108	695.0
11.112	702.0
11.116	706.0
11.12	706.0
11.124	707.0
11.128	708.0
11.132	707.0
11.136	705.0
11.14	705.0
11.144	704.0
11.148	701.0
11.152	696.0
11.156	692.0
11.16	688.0
11.164	683.0
11.168	682.0
11.172	681.0
11.176	685.0
11.18	697.0
11.184	718.0
11.188	745.0
11.192	777.0
11.196	814.0
11.2	852.0
11.204	890.0
11.208	920.0
11.212	939.0
11.216	944.0
11.22	930.0
11.224	900.0
11.228	861.0
11.232	813.0
11.236	759.0
11.24	708.0
11.244	664.0
11.248	627.0
11.252	598.0
11.256	575.0
11.26	559.0
11.264	551.0
11.268	547.0
11.272	541.0
11.276	541.0
11.28	543.0
11.284	547.0
11.288	556.0
11.292	566.0
11.296	578.0
11.3	589.0
11.304	598.0
11.308	608.0
11.312	617.0
11.316	626.0
11.32	634.0
11.324	639.0
11.328	639.0
11.332	639.0
11.336	637.0
11.34	632.0
11.344	627.0
11.348	624.0
11.352	620.0
11.356	614.0
11.36	608.0
11.364	604.0
11.368	604.0
11.372	608.0
11.376	612.0
11.38	619.0
11.384	635.0
11.388	657.0
11.392	689.0
11.396	735.0
11.4	800.0
11.404	883.0
11.408	989.0
11.412	1119.0
11.416	1264.0
11.42	1415.0
11.424	1560.0
11.428	1683.0
11.432	1768.0
11.436	1801.0
11.44	1773.0
11.444	1683.0
11.448	1531.0
11.452	1329.0
11.456	1096.0
11.46	849.0
11.464	611.0
11.468	402.0
11.472	236.0
11.476	116.0
11.48	48.0
11.484	30.0
11.488	45.0
11.492	88.0
11.496	148.0
11.5	213.0
11.504	277.0
11.508	338.0
11.512	392.0
11.516	439.0
11.52	484.0
11.524	526.0
11.528	571.0
11.532	628.0
11.536	704.0
11.54	807.0
11.544	948.0
11.548	1138.0
11.552	1382.0
11.556	1686.0
11.56	2048.0
11.564	2452.0
11.568	2881.0
11.572	3305.0
11.576	3693.0
11.58	4006.0
11.584	4209.0
11.588	4276.0
11.592	4188.0
11.596	3944.0
11.6	3553.0
11.604	3038.0
11.608	2431.0
11.612	1775.0
11.616	1111.0
11.62	477.0
11.624	-96.0
11.628	-580.0
11.632	-956.0
11.636	-1220.0
11.64	-1371.0
11.644	-1419.0
11.648	-1372.0
11.652	-1248.0
11.656	-1071.0
11.66	-861.0
11.664	-643.0
11.668	-440.0
11.672	-265.0
11.676	-127.0
11.68	-29.0
11.684	32.0
11.688	66.0
11.692	81.0
11.696	86.0
11.7	89.0
11.704	100.0
11.708	120.0
11.712	145.0
11.716	175.0
11.72	207.0
11.724	240.0
11.728	273.0
11.732	303.0
11.736	331.0
11.74	358.0
11.744	386.0
11.748	411.0
11.752	434.0
11.756	459.0
11.76	480.0
11.764	494.0
11.768	501.0
11.772	503.0
11.776	502.0
11.78	495.0
11.784	481.0
11.788	465.0
11.792	451.0
11.796	440.0
11.8	428.0
11.804	420.0
11.808	416.0
11.812	416.0
11.816	419.0
11.82	428.0
11.824	439.0
11.828	449.0
11.832	457.0
11.836	463.0
11.84	469.0
11.844	474.0
11.848	479.0
11.852	482.0
11.856	484.0
11.86	484.0
11.864	483.0
11.868	481.0
11.872	481.0
11.876	483.0
11.88	486.0
11.884	489.0
11.888	494.0
11.892	498.0
11.896	501.0
11.9	506.0
11.904	514.0
11.908	523.0
11.912	533.0
11.916	538.0
11.92	543.0
11.924	548.0
11.928	550.0
11.932	552.0
11.936	555.0
11.94	558.0
11.944	561.0
11.948	565.0
11.952	568.0
11.956	570.0
11.96	573.0
11.964	578.0
11.968	582.0
11.972	589.0
11.976	599.0
11.98	608.0
11.984	620.0
11.988	634.0
11.992	650.0
11.996	664.0
12.0	673.0
12.004	681.0
12.008	683.0
12.012	679.0
12.016	672.0
12.02	657.0
12.024	637.0
12.028	619.0
12.032	605.0
12.036	597.0
12.04	599.0
12.044	612.0
12.048	640.0
12.052	681.0
12.056	733.0
12.06	797.0
12.064	877.0
12.068	967.0
12.072	1062.0
12.076	1159.0
12.08	1251.0
12.084	1330.0
12.088	1390.0
12.092	1420.0
12.096	1417.0
12.1	1380.0
12.104	1315.0
12.108	1230.0
12.112	1140.0
12.116	1067.0
12.12	1030.0
12.124	1044.0
12.128	1123.0
12.132	1262.0
12.136	1442.0
12.14	1636.0
12.144	1811.0
12.148	1932.0
12.152	1972.0
12.156	1915.0
12.16	1766.0
12.164	1548.0
12.168	1290.0
12.172	1026.0
12.176	782.0
12.18	579.0
12.184	430.0
12.188	336.0
12.192	292.0
12.196	293.0
12.2	326.0
12.204	381.0
12.208	454.0
12.212	542.0
12.216	644.0
12.22	758.0
12.224	877.0
12.228	1004.0
12.232	1132.0
12.236	1251.0
12.24	1354.0
12.244	1431.0
12.248	1472.0
12.252	1471.0
12.256	1425.0
12.26	1334.0
12.264	1205.0
12.268	1045.0
12.272	867.0
12.276	685.0
12.28	516.0
12.284	368.0
12.288	250.0
12.292	165.0
12.296	114.0
12.3	96.0
12.304	100.0
12.308	122.0
12.312	156.0
12.316	198.0
12.32	245.0
12.324	293.0
12.328	337.0
12.332	374.0
12.336	408.0
12.34	437.0
12.344	463.0
12.348	487.0
12.352	507.0
12.356	522.0
12.36	533.0
12.364	543.0
12.368	554.0
12.372	565.0
12.376	576.0
12.38	590.0
12.384	605.0
12.388	620.0
12.392	637.0
12.396	655.0
12.4	672.0
12.404	688.0
12.408	703.0
12.412	715.0
12.416	721.0
12.42	723.0
12.424	724.0
12.428	722.0
12.432	711.0
12.436	695.0
12.44	678.0
12.444	659.0
12.448	641.0
12.452	626.0
12.456	611.0
12.46	596.0
12.464	585.0
12.468	578.0
12.472	574.0
12.476	572.0
12.48	571.0
12.484	572.0
12.488	573.0
12.492	574.0
12.496	576.0
12.5	577.0
12.504	579.0
12.508	580.0
12.512	583.0
12.516	586.0
12.52	587.0
12.524	589.0
12.528	596.0
12.532	602.0
12.536	607.0
12.54	611.0
12.544	617.0
12.548	625.0
12.552	635.0
12.556	647.0
12.56	662.0
12.564	679.0
12.568	696.0
12.572	713.0
12.576	729.0
12.58	741.0
12.584	749.0
12.588	751.0
12.592	748.0
12.596	740.0
12.6	725.0
12.604	709.0
12.608	690.0
12.612	671.0
12.616	652.0
12.62	636.0
12.624	623.0
12.628	614.0
12.632	609.0
12.636	606.0
12.64	604.0
12.644	605.0
12.648	608.0
12.652	613.0
12.656	622.0
12.66	633.0
12.664	647.0
12.668	665.0
12.672	686.0
12.676	711.0
12.68	741.0
12.684	775.0
12.688	819.0
12.692	872.0
12.696	932.0
12.7	1003.0
12.704	1082.0
12.708	1167.0
12.712	1250.0
12.716	1323.0
12.72	1384.0
12.724	1422.0
12.728	1428.0
12.732	1394.0
12.736	1322.0
12.74	1217.0
12.744	1085.0
12.748	936.0
12.752	785.0
12.756	640.0
12.76	511.0
12.764	411.0
12.768	340.0
12.772	298.0
12.776	280.0
12.78	286.0
12.784	308.0
12.788	339.0
12.792	373.0
12.796	407.0
12.8	439.0
12.804	468.0
12.808	495.0
12.812	521.0
12.816	545.0
12.82	566.0
12.824	587.0
12.828	609.0
12.832	626.0
12.836	639.0
12.84	650.0
12.844	655.0
12.848	654.0
12.852	650.0
12.856	642.0
12.86	636.0
12.864	634.0
12.868	639.0
12.872	652.0
12.876	674.0
12.88	702.0
12.884	733.0
12.888	761.0
12.892	783.0
12.896	793.0
12.9	792.0
12.904	780.0
12.908	757.0
12.912	725.0
12.916	693.0
12.92	664.0
12.924	640.0
12.928	626.0
12.932	620.0
12.936	619.0
12.94	624.0
12.944	632.0
12.948	642.0
12.952	654.0
12.956	666.0
12.96	675.0
12.964	683.0
12.968	688.0
12.972	691.0
12.976	692.0
12.98	691.0
12.984	688.0
12.988	687.0
12.992	688.0
12.996	689.0
13.0	696.0
13.004	706.0
13.008	717.0
13.012	725.0
13.016	732.0
13.02	733.0
13.024	729.0
13.028	722.0
13.032	713.0
13.036	704.0
13.04	697.0
13.044	694.0
13.048	693.0
13.052	695.0
13.056	699.0
13.06	701.0
13.064	702.0
13.068	701.0
13.072	699.0
13.076	695.0
13.08	687.0
13.084	676.0
13.088	664.0
13.092	655.0
13.096	646.0
13.1	638.0
13.104	632.0
13.108	629.0
13.112	628.0
13.116	630.0
13.12	633.0
13.124	635.0
13.128	637.0
13.132	642.0
13.136	645.0
13.14	647.0
13.144	650.0
13.148	652.0
13.152	651.0
13.156	650.0
13.16	650.0
13.164	651.0
13.168	651.0
13.172	649.0
13.176	646.0
13.18	645.0
13.184	646.0
13.188	647.0
13.192	648.0
13.196	652.0
13.2	653.0
13.204	655.0
13.208	658.0
13.212	665.0
13.216	675.0
13.22	686.0
13.224	694.0
13.228	702.0
13.232	708.0
13.236	707.0
13.24	701.0
13.244	692.0
13.248	679.0
13.252	662.0
13.256	644.0
13.26	626.0
13.264	614.0
13.268	608.0
13.272	608.0
13.276	614.0
13.28	625.0
13.284	642.0
13.288	667.0
13.292	699.0
13.296	738.0
13.3	784.0
13.304	834.0
13.308	886.0
13.312	937.0
13.316	981.0
13.32	1013.0
13.324	1028.0
13.328	1022.0
13.332	994.0
13.336	951.0
13.34	891.0
13.344	821.0
13.348	752.0
13.352	689.0
13.356	636.0
13.36	592.0
13.364	560.0
13.368	542.0
13.372	533.0
13.376	533.0
13.38	539.0
13.384	551.0
13.388	565.0
13.392	579.0
13.396	594.0
13.4	611.0
13.404	625.0
13.408	640.0
13.412	654.0
13.416	662.0
13.42	667.0
13.424	667.0
13.428	665.0
13.432	659.0
13.436	651.0
13.44	644.0
13.444	637.0
13.448	634.0
13.452	630.0
13.456	628.0
13.46	632.0
13.464	637.0
13.468	640.0
13.472	647.0
13.476	653.0
13.48	660.0
13.484	665.0
13.488	667.0
13.492	668.0
13.496	668.0
13.5	667.0
13.504	665.0
13.508	663.0
13.512	662.0
13.516	662.0
13.52	663.0
13.524	666.0
13.528	671.0
13.532	677.0
13.536	683.0
13.54	691.0
13.544	700.0
13.548	714.0
13.552	733.0
13.556	762.0
13.56	806.0
13.564	872.0
13.568	968.0
13.572	1099.0
13.576	1257.0
13.58	1431.0
13.584	1600.0
13.588	1736.0
13.592	1816.0
13.596	1825.0
13.6	1762.0
13.604	1635.0
13.608	1466.0
13.612	1285.0
13.616	1112.0
13.62	961.0
13.624	843.0
13.628	763.0
13.632	721.0
13.636	714.0
13.64	736.0
13.644	779.0
13.648	836.0
13.652	899.0
13.656	961.0
13.66	1012.0
13.664	1048.0
13.668	1070.0
13.672	1080.0
13.676	1084.0
13.68	1087.0
13.684	1089.0
13.688	1092.0
13.692	1094.0
13.696	1088.0
13.7	1076.0
13.704	1055.0
13.708	1021.0
13.712	979.0
13.716	932.0
13.72	886.0
13.724	841.0
13.728	797.0
13.732	758.0
13.736	723.0
13.74	686.0
13.744	650.0
13.748	616.0
13.752	584.0
13.756	557.0
13.76	539.0
13.764	526.0
13.768	518.0
13.772	519.0
13.776	526.0
13.78	539.0
13.784	555.0
13.788	572.0
13.792	593.0
13.796	615.0
13.8	635.0
13.804	653.0
13.808	666.0
13.812	671.0
13.816	669.0
13.82	662.0
13.824	650.0
13.828	638.0
13.832	625.0
13.836	611.0
13.84	600.0
13.844	594.0
13.848	590.0
13.852	589.0
13.856	593.0
13.86	598.0
13.864	601.0
13.868	603.0
13.872	604.0
13.876	604.0
13.88	602.0
13.884	598.0
13.888	593.0
13.892	590.0
13.896	588.0
13.9	587.0
13.904	585.0
13.908	586.0
13.912	587.0
13.916	588.0
13.92	589.0
13.924	593.0
13.928	598.0
13.932	605.0
13.936	613.0
13.94	621.0
13.944	629.0
13.948	637.0
13.952	643.0
13.956	649.0
13.96	652.0
13.964	652.0
13.968	651.0
13.972	651.0
13.976	651.0
13.98	657.0
13.984	665.0
13.988	671.0
13.992	678.0
13.996	683.0
14.0	687.0
14.004	689.0
14.008	686.0
14.012	681.0
14.016	674.0
14.02	668.0
14.024	662.0
14.028	657.0
14.032	654.0
14.036	649.0
14.04	641.0
14.044	634.0
14.048	626.0
14.052	616.0
14.056	609.0
14.06	602.0
14.064	597.0
14.068	594.0
14.072	594.0
14.076	597.0
14.08	598.0
14.084	602.0
14.088	607.0
14.092	610.0
14.096	615.0
14.1	617.0
14.104	617.0
14.108	618.0
14.112	620.0
14.116	618.0
14.12	615.0
14.124	613.0
14.128	612.0
14.132	611.0
14.136	612.0
14.14	614.0
14.144	615.0
14.148	616.0
14.152	617.0
14.156	618.0
14.16	616.0
14.164	614.0
14.168	613.0
14.172	614.0
14.176	613.0
14.18	612.0
14.184	613.0
14.188	616.0
14.192	619.0
14.196	621.0
14.2	618.0
14.204	614.0
14.208	610.0
14.212	605.0
14.216	603.0
14.22	603.0
14.224	604.0
14.228	607.0
14.232	610.0
14.236	612.0
14.24	615.0
14.244	617.0
14.248	617.0
14.252	619.0
14.256	624.0
14.26	628.0
14.264	632.0
14.268	639.0
14.272	645.0
14.276	651.0
14.28	655.0
14.284	657.0
14.288	656.0
14.292	650.0
14.296	642.0
14.3	633.0
14.304	627.0
14.308	627.0
14.312	635.0
14.316	652.0
14.32	679.0
14.324	709.0
14.328	744.0
14.332	779.0
14.336	806.0
14.34	824.0
14.344	828.0
14.348	817.0
14.352	802.0
14.356	785.0
14.36	767.0
14.364	752.0
14.368	738.0
14.372	726.0
14.376	714.0
14.38	698.0
14.384	682.0
14.388	665.0
14.392	647.0
14.396	627.0
14.4	607.0
14.404	590.0
14.408	574.0
14.412	561.0
14.416	551.0
14.42	543.0
14.424	540.0
14.428	541.0
14.432	545.0
14.436	549.0
14.44	553.0
14.444	557.0
14.448	560.0
14.452	562.0
14.456	564.0
14.46	568.0
14.464	570.0
14.468	568.0
14.472	565.0
14.476	564.0
14.48	565.0
14.484	569.0
14.488	576.0
14.492	586.0
14.496	601.0
14.5	626.0
14.504	655.0
14.508	684.0
14.512	710.0
14.516	727.0
14.52	734.0
14.524	726.0
14.528	700.0
14.532	659.0
14.536	613.0
14.54	562.0
14.544	516.0
14.548	484.0
14.552	466.0
14.556	469.0
14.56	495.0
14.564	545.0
14.568	617.0
14.572	707.0
14.576	810.0
14.58	914.0
14.584	1003.0
14.588	1059.0
14.592	1068.0
14.596	1024.0
14.6	925.0
14.604	787.0
14.608	628.0
14.612	467.0
14.616	324.0
14.62	215.0
14.624	146.0
14.628	117.0
14.632	120.0
14.636	144.0
14.64	182.0
14.644	227.0
14.648	270.0
14.652	311.0
14.656	348.0
14.66	381.0
14.664	411.0
14.668	437.0
14.672	458.0
14.676	476.0
14.68	492.0
14.684	503.0
14.688	510.0
14.692	516.0
14.696	518.0
14.7	517.0
14.704	515.0
14.708	512.0
14.712	510.0
14.716	508.0
14.72	504.0
14.724	501.0
14.728	501.0
14.732	504.0
14.736	506.0
14.74	508.0
14.744	511.0
14.748	511.0
14.752	511.0
14.756	510.0
14.76	511.0
14.764	510.0
14.768	510.0
14.772	512.0
14.776	513.0
14.78	514.0
14.784	516.0
14.788	518.0
14.792	524.0
14.796	528.0
14.8	534.0
14.804	543.0
14.808	555.0
14.812	569.0
14.816	587.0
14.82	603.0
14.824	616.0
14.828	625.0
14.832	630.0
14.836	629.0
14.84	622.0
14.844	607.0
14.848	590.0
14.852	575.0
14.856	561.0
14.86	551.0
14.864	545.0
14.868	545.0
14.872	554.0
14.876	571.0
14.88	596.0
14.884	626.0
14.888	659.0
14.892	694.0
14.896	728.0
14.9	756.0
14.904	775.0
14.908	782.0
14.912	777.0
14.916	759.0
14.92	728.0
14.924	689.0
14.928	648.0
14.932	608.0
14.936	574.0
14.94	548.0
14.944	529.0
14.948	520.0
14.952	517.0
14.956	518.0
14.96	522.0
14.964	526.0
14.968	530.0
14.972	534.0
14.976	537.0
14.98	539.0
14.984	541.0
14.988	543.0
14.992	541.0
14.996	539.0
15.0	534.0
15.004	528.0
15.008	521.0
15.012	513.0
15.016	508.0
15.02	507.0
15.024	505.0
15.028	505.0
15.032	508.0
15.036	511.0
15.04	517.0
15.044	523.0
15.048	530.0
15.052	537.0
15.056	547.0
15.06	553.0
15.064	557.0
15.068	560.0
15.072	558.0
15.076	555.0
15.08	550.0
15.084	541.0
15.088	532.0
15.092	524.0
15.096	519.0
15.1	515.0
15.104	514.0
15.108	520.0
15.112	527.0
15.116	537.0
15.12	548.0
15.124	556.0
15.128	561.0
15.132	560.0
15.136	555.0
15.14	546.0
15.144	533.0
15.148	520.0
15.152	508.0
15.156	498.0
15.16	490.0
15.164	486.0
15.168	485.0
15.172	487.0
15.176	493.0
15.18	499.0
15.184	507.0
15.188	518.0
15.192	530.0
15.196	539.0
15.2	547.0
15.204	553.0
15.208	552.0
15.212	551.0
15.216	546.0
15.22	539.0
15.224	529.0
15.228	517.0
15.232	509.0
15.236	504.0
15.24	500.0
15.244	501.0
15.248	501.0
15.252	502.0
15.256	504.0
15.26	505.0
15.264	506.0
15.268	510.0
15.272	514.0
15.276	514.0
15.28	515.0
15.284	517.0
15.288	518.0
15.292	518.0
15.296	517.0
15.3	516.0
15.304	515.0
15.308	515.0
15.312	514.0
15.316	511.0
15.32	509.0
15.324	508.0
15.328	507.0
15.332	508.0
15.336	508.0
15.34	510.0
15.344	511.0
15.348	513.0
15.352	514.0
15.356	512.0
15.36	512.0
15.364	514.0
15.368	515.0
15.372	516.0
15.376	519.0
15.38	521.0
15.384	524.0
15.388	528.0
15.392	535.0
15.396	544.0
15.4	553.0
15.404	562.0
15.408	570.0
15.412	575.0
15.416	576.0
15.42	575.0
15.424	573.0
15.428	567.0
15.432	557.0
15.436	547.0
15.44	536.0
15.444	525.0
15.448	519.0
15.452	514.0
15.456	511.0
15.46	514.0
15.464	516.0
15.468	516.0
15.472	516.0
15.476	517.0
15.48	519.0
15.484	520.0
15.488	521.0
15.492	521.0
15.496	521.0
15.5	527.0
15.504	539.0
15.508	558.0
15.512	589.0
15.516	640.0
15.52	715.0
15.524	819.0
15.528	953.0
15.532	1116.0
15.536	1293.0
15.54	1464.0
15.544	1605.0
15.548	1697.0
15.552	1725.0
15.556	1687.0
15.56	1592.0
15.564	1455.0
15.568	1297.0
15.572	1139.0
15.576	999.0
15.58	884.0
15.584	795.0
15.588	731.0
15.592	690.0
15.596	663.0
15.6	646.0
15.604	637.0
15.608	634.0
15.612	634.0
15.616	639.0
15.62	655.0
15.624	681.0
15.628	722.0
15.632	780.0
15.636	849.0
15.64	923.0
15.644	992.0
15.648	1046.0
15.652	1075.0
15.656	1076.0
15.66	1049.0
15.664	999.0
15.668	935.0
15.672	864.0
15.676	793.0
15.68	731.0
15.684	681.0
15.688	642.0
15.692	613.0
15.696	593.0
15.7	578.0
15.704	570.0
15.708	564.0
15.712	559.0
15.716	557.0
15.72	557.0
15.724	562.0
15.728	571.0
15.732	582.0
15.736	598.0
15.74	619.0
15.744	642.0
15.748	659.0
15.752	663.0
15.756	645.0
15.76	598.0
15.764	521.0
15.768	415.0
15.772	286.0
15.776	153.0
15.78	34.0
15.784	-55.0
15.788	-107.0
15.792	-118.0
15.796	-93.0
15.8	-42.0
15.804	24.0
15.808	97.0
15.812	170.0
15.816	237.0
15.82	296.0
15.824	347.0
15.828	390.0
15.832	425.0
15.836	453.0
15.84	477.0
15.844	498.0
15.848	519.0
15.852	540.0
15.856	555.0
15.86	568.0
15.864	580.0
15.868	585.0
15.872	585.0
15.876	582.0
15.88	572.0
15.884	558.0
15.888	548.0
15.892	540.0
15.896	533.0
15.9	534.0
15.904	539.0
15.908	541.0
15.912	542.0
15.916	543.0
15.92	542.0
15.924	538.0
15.928	532.0
15.932	524.0
15.936	516.0
15.94	511.0
15.944	509.0
15.948	508.0
15.952	507.0
15.956	505.0
15.96	505.0
15.964	506.0
15.968	506.0
15.972	506.0
15.976	509.0
15.98	511.0
15.984	512.0
15.988	512.0
15.992	514.0
15.996	519.0
16.0	523.0
16.004	524.0
16.008	526.0
16.012	528.0
16.016	529.0
16.02	529.0
16.024	528.0
16.028	526.0
16.032	520.0
16.036	515.0
16.04	511.0
16.044	509.0
16.048	507.0
16.052	506.0
16.056	507.0
16.06	511.0
16.064	517.0
16.068	526.0
16.072	542.0
16.076	557.0
16.08	569.0
16.084	580.0
16.088	589.0
16.092	596.0
16.096	598.0
16.1	593.0
16.104	581.0
16.108	564.0
16.112	542.0
16.116	520.0
16.12	499.0
16.124	483.0
16.128	473.0
16.132	468.0
16.136	467.0
16.14	468.0
16.144	470.0
16.148	468.0
16.152	464.0
16.156	463.0
16.16	462.0
16.164	457.0
16.168	455.0
16.172	453.0
16.176	452.0
16.18	456.0
16.184	461.0
16.188	464.0
16.192	465.0
16.196	467.0
16.2	469.0
16.204	471.0
16.208	470.0
16.212	469.0
16.216	469.0
16.22	468.0
16.224	468.0
16.228	469.0
16.232	469.0
16.236	467.0
16.24	467.0
16.244	468.0
16.248	467.0
16.252	467.0
16.256	468.0
16.26	469.0
16.264	469.0
16.268	468.0
16.272	466.0
16.276	464.0
16.28	464.0
16.284	464.0
16.288	463.0
16.292	463.0
16.296	463.0
16.3	464.0
16.304	466.0
16.308	467.0
16.312	467.0
16.316	469.0
16.32	473.0
16.324	478.0
16.328	484.0
16.332	492.0
16.336	502.0
16.34	513.0
16.344	525.0
16.348	538.0
16.352	549.0
16.356	555.0
16.36	555.0
16.364	551.0
16.368	541.0
16.372	527.0
16.376	512.0
16.38	498.0
16.384	481.0
16.388	467.0
16.392	459.0
16.396	454.0
16.4	451.0
16.404	452.0
16.408	453.0
16.412	453.0
16.416	454.0
16.42	456.0
16.424	455.0
16.428	455.0
16.432	460.0
16.436	461.0
16.44	462.0
16.444	464.0
16.448	465.0
16.452	468.0
16.456	468.0
16.46	465.0
16.464	464.0
16.468	464.0
16.472	464.0
16.476	463.0
16.48	459.0
16.484	457.0
16.488	458.0
16.492	461.0
16.496	461.0
16.5	462.0
16.504	465.0
16.508	466.0
16.512	469.0
16.516	471.0
16.52	473.0
16.524	472.0
16.528	470.0
16.532	468.0
16.536	466.0
16.54	464.0
16.544	462.0
16.548	461.0
16.552	461.0
16.556	459.0
16.56	458.0
16.564	459.0
16.568	459.0
16.572	458.0
16.576	459.0
16.58	461.0
16.584	465.0
16.588	467.0
16.592	466.0
16.596	466.0
16.6	466.0
16.604	465.0
16.608	463.0
16.612	462.0
16.616	464.0
16.62	463.0
16.624	460.0
16.628	459.0
16.632	458.0
16.636	456.0
16.64	453.0
16.644	451.0
16.648	450.0
16.652	451.0
16.656	453.0
16.66	453.0
16.664	453.0
16.668	451.0
16.672	453.0
16.676	454.0
16.68	453.0
16.684	453.0
16.688	452.0
16.692	453.0
16.696	453.0
16.7	454.0
16.704	455.0
16.708	456.0
16.712	458.0
16.716	461.0
16.72	466.0
16.724	474.0
16.728	480.0
16.732	486.0
16.736	495.0
16.74	503.0
16.744	508.0
16.748	511.0
16.752	512.0
16.756	509.0
16.76	503.0
16.764	497.0
16.768	490.0
16.772	483.0
16.776	475.0
16.78	470.0
16.784	464.0
16.788	457.0
16.792	453.0
16.796	450.0
16.8	452.0
16.804	454.0
16.808	456.0
16.812	462.0
16.816	471.0
16.82	480.0
16.824	489.0
16.828	498.0
16.832	503.0
16.836	506.0
16.84	507.0
16.844	504.0
16.848	503.0
16.852	499.0
16.856	493.0
16.86	488.0
16.864	481.0
16.868	474.0
16.872	467.0
16.876	462.0
16.88	459.0
16.884	456.0
16.888	454.0
16.892	453.0
16.896	450.0
16.9	445.0
16.904	443.0
16.908	445.0
16.912	449.0
16.916	452.0
16.92	455.0
16.924	461.0
16.928	469.0
16.932	478.0
16.936	484.0
16.94	487.0
16.944	489.0
16.948	486.0
16.952	482.0
16.956	478.0
16.96	473.0
16.964	470.0
16.968	465.0
16.972	461.0
16.976	457.0
16.98	455.0
16.984	452.0
16.988	448.0
16.992	448.0
16.996	447.0
17.0	446.0
17.004	448.0
17.008	451.0
17.012	456.0
17.016	461.0
17.02	464.0
17.024	468.0
17.028	471.0
17.032	474.0
17.036	476.0
17.04	478.0
17.044	476.0
17.048	471.0
17.052	468.0
17.056	465.0
17.06	461.0
17.064	457.0
17.068	453.0
17.072	449.0
17.076	446.0
17.08	441.0
17.084	438.0
17.088	438.0
17.092	436.0
17.096	434.0
17.1	432.0
17.104	429.0
17.108	426.0
17.112	426.0
17.116	426.0
17.12	425.0
17.124	424.0
17.128	423.0
17.132	421.0
17.136	418.0
17.14	416.0
17.144	417.0
17.148	418.0
17.152	418.0
17.156	420.0
17.16	419.0
17.164	417.0
17.168	418.0
17.172	417.0
17.176	416.0
17.18	416.0
17.184	419.0
17.188	423.0
17.192	426.0
17.196	428.0
17.2	428.0
17.204	429.0
17.208	431.0
17.212	434.0
17.216	437.0
17.22	440.0
17.224	443.0
17.228	444.0
17.232	445.0
17.236	443.0
17.24	441.0
17.244	438.0
17.248	436.0
17.252	430.0
17.256	423.0
17.26	418.0
17.264	414.0
17.268	409.0
17.272	405.0
17.276	402.0
17.28	401.0
17.284	399.0
17.288	400.0
17.292	401.0
17.296	402.0
17.3	405.0
17.304	406.0
17.308	407.0
17.312	406.0
17.316	406.0
17.32	406.0
17.324	405.0
17.328	406.0
17.332	404.0
17.336	404.0
17.34	405.0
17.344	404.0
17.348	405.0
17.352	406.0
17.356	407.0
17.36	409.0
17.364	410.0
17.368	409.0
17.372	409.0
17.376	412.0
17.38	413.0
17.384	412.0
17.388	409.0
17.392	409.0
17.396	409.0
17.4	407.0
17.404	406.0
17.408	407.0
17.412	407.0
17.416	406.0
17.42	405.0
17.424	407.0
17.428	408.0
17.432	411.0
17.436	414.0
17.44	418.0
17.444	422.0
17.448	422.0
17.452	421.0
17.456	422.0
17.46	423.0
17.464	425.0
17.468	428.0
17.472	429.0
17.476	428.0
17.48	427.0
17.484	427.0
17.488	424.0
17.492	420.0
17.496	419.0
17.5	418.0
17.504	416.0
17.508	413.0
17.512	410.0
17.516	406.0
17.52	404.0
17.524	403.0
17.528	401.0
17.532	400.0
17.536	402.0
17.54	402.0
17.544	400.0
17.548	397.0
17.552	393.0
17.556	391.0
17.56	392.0
17.564	393.0
17.568	393.0
17.572	393.0
17.576	394.0
17.58	397.0
17.584	398.0
17.588	397.0
17.592	399.0
17.596	403.0
17.6	405.0
17.604	406.0
17.608	408.0
17.612	409.0
17.616	410.0
17.62	410.0
17.624	412.0
17.628	410.0
17.632	408.0
17.636	408.0
17.64	407.0
17.644	409.0
17.648	409.0
17.652	408.0
17.656	408.0
17.66	408.0
17.664	408.0
17.668	407.0
17.672	405.0
17.676	406.0
17.68	406.0
17.684	407.0
17.688	406.0
17.692	405.0
17.696	405.0
17.7	404.0
17.704	404.0
17.708	407.0
17.712	409.0
17.716	409.0
17.72	410.0
17.724	411.0
17.728	410.0
17.732	408.0
17.736	408.0
17.74	408.0
17.744	408.0
17.748	410.0
17.752	409.0
17.756	408.0
17.76	408.0
17.764	407.0
17.768	407.0
17.772	410.0
17.776	410.0
17.78	409.0
17.784	410.0
17.788	412.0
17.792	413.0
17.796	414.0
17.8	415.0
17.804	414.0
17.808	412.0
17.812	410.0
17.816	409.0
17.82	407.0
17.824	403.0
17.828	398.0
17.832	396.0
17.836	395.0
17.84	396.0
17.844	398.0
17.848	399.0
17.852	398.0
17.856	401.0
17.86	402.0
17.864	402.0
17.868	402.0
17.872	402.0
17.876	400.0
17.88	398.0
17.884	396.0
17.888	396.0
17.892	397.0
17.896	397.0
17.9	397.0
17.904	398.0
17.908	401.0
17.912	405.0
17.916	410.0
17.92	420.0
17.924	424.0
17.928	415.0
17.932	408.0
17.936	403.0
17.94	395.0
17.944	388.0
17.948	386.0
17.952	385.0
17.956	386.0
17.96	388.0
17.964	388.0
17.968	390.0
17.972	389.0
17.976	386.0
17.98	384.0
17.984	381.0
17.988	379.0
17.992	379.0
17.996	379.0
18.0	379.0
18.004	381.0
18.008	383.0
18.012	381.0
18.016	380.0
18.02	378.0
18.024	377.0
18.028	377.0
18.032	377.0
18.036	378.0
18.04	379.0
18.044	378.0
18.048	376.0
18.052	374.0
18.056	372.0
18.06	370.0
18.064	369.0
18.068	368.0
18.072	367.0
18.076	368.0
18.08	369.0
18.084	371.0
18.088	373.0
18.092	377.0
18.096	380.0
18.1	381.0
18.104	385.0
18.108	389.0
18.112	392.0
18.116	392.0
18.12	389.0
18.124	382.0
18.128	374.0
18.132	367.0
18.136	358.0
18.14	353.0
18.144	349.0
18.148	346.0
18.152	343.0
18.156	339.0
18.16	334.0
18.164	330.0
18.168	328.0
18.172	327.0
18.176	327.0
18.18	330.0
18.184	330.0
18.188	329.0
18.192	328.0
18.196	329.0
18.2	328.0
18.204	328.0
18.208	327.0
18.212	326.0
18.216	320.0
18.22	313.0
18.224	307.0
18.228	305.0
18.232	303.0
18.236	300.0
18.24	298.0
18.244	295.0
18.248	294.0
18.252	294.0
18.256	296.0
18.26	299.0
18.264	301.0
18.268	306.0
18.272	308.0
18.276	309.0
18.28	312.0
18.284	313.0
18.288	319.0
18.292	321.0
18.296	322.0
18.3	328.0
18.304	337.0
18.308	345.0
18.312	352.0
18.316	358.0
18.32	359.0
18.324	356.0
18.328	351.0
18.332	345.0
18.336	337.0
18.34	328.0
18.344	319.0
18.348	312.0
18.352	306.0
18.356	301.0
18.36	299.0
18.364	298.0
18.368	299.0
18.372	298.0
18.376	295.0
18.38	294.0
18.384	293.0
18.388	292.0
18.392	291.0
18.396	290.0
18.4	288.0
18.404	286.0
18.408	284.0
18.412	283.0
18.416	284.0
18.42	284.0
18.424	285.0
18.428	288.0
18.432	292.0
18.436	295.0
18.44	295.0
18.444	298.0
18.448	299.0
18.452	301.0
18.456	303.0
18.46	307.0
18.464	309.0
18.468	310.0
18.472	312.0
18.476	315.0
18.48	316.0
18.484	318.0
18.488	322.0
18.492	323.0
18.496	323.0
18.5	324.0
18.504	326.0
18.508	326.0
18.512	326.0
18.516	330.0
18.52	333.0
18.524	334.0
18.528	336.0
18.532	337.0
18.536	338.0
18.54	340.0
18.544	341.0
18.548	344.0
18.552	347.0
18.556	350.0
18.56	352.0
18.564	354.0
18.568	355.0
18.572	355.0
18.576	356.0
18.58	356.0
18.584	357.0
18.588	359.0
18.592	362.0
18.596	364.0
18.6	363.0
18.604	364.0
18.608	367.0
18.612	371.0
18.616	374.0
18.62	376.0
18.624	381.0
18.628	387.0
18.632	391.0
18.636	398.0
18.64	408.0
18.644	419.0
18.648	434.0
18.652	454.0
18.656	474.0
18.66	489.0
18.664	496.0
18.668	496.0
18.672	486.0
18.676	467.0
18.68	444.0
18.684	420.0
18.688	399.0
18.692	384.0
18.696	375.0
18.7	373.0
18.704	378.0
18.708	382.0
18.712	388.0
18.716	397.0
18.72	407.0
18.724	415.0
18.728	423.0
18.732	432.0
18.736	440.0
18.74	448.0
18.744	455.0
18.748	464.0
18.752	471.0
18.756	475.0
18.76	479.0
18.764	483.0
18.768	490.0
18.772	498.0
18.776	504.0
18.78	510.0
18.784	516.0
18.788	521.0
18.792	525.0
18.796	528.0
18.8	534.0
18.804	540.0
18.808	547.0
18.812	555.0
18.816	561.0
18.82	567.0
18.824	573.0
18.828	578.0
18.832	583.0
18.836	589.0
18.84	596.0
18.844	599.0
18.848	604.0
18.852	609.0
18.856	614.0
18.86	619.0
18.864	623.0
18.868	628.0
18.872	634.0
18.876	639.0
18.88	643.0
18.884	648.0
18.888	655.0
18.892	660.0
18.896	665.0
18.9	672.0
18.904	681.0
18.908	687.0
18.912	694.0
18.916	701.0
18.92	709.0
18.924	714.0
18.928	721.0
18.932	730.0
18.936	739.0
18.94	746.0
18.944	754.0
18.948	761.0
18.952	768.0
18.956	773.0
18.96	780.0
18.964	787.0
18.968	794.0
18.972	802.0
18.976	810.0
18.98	817.0
18.984	823.0
18.988	827.0
18.992	836.0
18.996	846.0
19.0	852.0
19.004	856.0
19.008	861.0
19.012	867.0
19.016	872.0
19.02	876.0
19.024	881.0
19.028	889.0
19.032	895.0
19.036	901.0
19.04	910.0
19.044	919.0
19.048	927.0
19.052	934.0
19.056	943.0
19.06	952.0
19.064	960.0
19.068	968.0
19.072	975.0
19.076	983.0
19.08	990.0
19.084	996.0
19.088	1002.0
19.092	1008.0
19.096	1015.0
19.1	1024.0
19.104	1031.0
19.108	1038.0
19.112	1045.0
19.116	1053.0
19.12	1060.0
19.124	1064.0
19.128	1069.0
19.132	1077.0
19.136	1084.0
19.14	1089.0
19.144	1095.0
19.148	1100.0
19.152	1100.0
19.156	1101.0
19.16	1106.0
19.164	1112.0
19.168	1120.0
19.172	1131.0
19.176	1140.0
19.18	1147.0
19.184	1154.0
19.188	1164.0
19.192	1176.0
19.196	1185.0
19.2	1194.0
19.204	1202.0
19.208	1210.0
19.212	1217.0
19.216	1225.0
19.22	1231.0
19.224	1234.0
19.228	1238.0
19.232	1245.0
19.236	1252.0
19.24	1259.0
19.244	1267.0
19.248	1272.0
19.252	1276.0
19.256	1283.0
19.26	1290.0
19.264	1297.0
19.268	1304.0
19.272	1310.0
19.276	1314.0
19.28	1321.0
19.284	1330.0
19.288	1337.0
19.292	1344.0
19.296	1346.0
19.3	1349.0
19.304	1355.0
19.308	1362.0
19.312	1368.0
19.316	1375.0
19.32	1382.0
19.324	1387.0
19.328	1394.0
19.332	1398.0
19.336	1403.0
19.34	1410.0
19.344	1414.0
19.348	1418.0
19.352	1425.0
19.356	1433.0
19.36	1440.0
19.364	1446.0
19.368	1450.0
19.372	1453.0
19.376	1457.0
19.38	1462.0
19.384	1467.0
19.388	1473.0
19.392	1481.0
19.396	1487.0
19.4	1496.0
19.404	1502.0
19.408	1506.0
19.412	1509.0
19.416	1513.0
19.42	1520.0
19.424	1523.0
19.428	1524.0
19.432	1528.0
19.436	1532.0
19.44	1534.0
19.444	1534.0
19.448	1533.0
19.452	1535.0
19.456	1538.0
19.46	1541.0
19.464	1547.0
19.468	1550.0
19.472	1555.0
19.476	1559.0
19.48	1561.0
19.484	1562.0
19.488	1564.0
19.492	1564.0
19.496	1557.0
19.5	1544.0
19.504	1533.0
19.508	1535.0
19.512	1551.0
19.516	1576.0
19.52	1605.0
19.524	1630.0
19.528	1651.0
19.532	1662.0
19.536	1667.0
19.54	1667.0
19.544	1661.0
19.548	1654.0
19.552	1650.0
19.556	1647.0
19.56	1642.0
19.564	1638.0
19.568	1639.0
19.572	1641.0
19.576	1641.0
19.58	1639.0
19.584	1641.0
19.588	1643.0
19.592	1642.0
19.596	1642.0
19.6	1644.0
19.604	1647.0
19.608	1648.0
19.612	1648.0
19.616	1648.0
19.62	1650.0
19.624	1652.0
19.628	1653.0
19.632	1655.0
19.636	1654.0
19.64	1652.0
19.644	1650.0
19.648	1648.0
19.652	1646.0
19.656	1644.0
19.66	1640.0
19.664	1635.0
19.668	1632.0
19.672	1627.0
19.676	1618.0
19.68	1610.0
19.684	1602.0
19.688	1593.0
19.692	1583.0
19.696	1573.0
19.7	1560.0
19.704	1547.0
19.708	1536.0
19.712	1527.0
19.716	1521.0
19.72	1516.0
19.724	1517.0
19.728	1523.0
19.732	1534.0
19.736	1548.0
19.74	1564.0
19.744	1585.0
19.748	1608.0
19.752	1634.0
19.756	1662.0
19.76	1690.0
19.764	1716.0
19.768	1740.0
19.772	1762.0
19.776	1780.0
19.78	1791.0
19.784	1798.0
19.788	1804.0
19.792	1804.0
19.796	1800.0
19.8	1796.0
19.804	1788.0
19.808	1782.0
19.812	1775.0
19.816	1766.0
19.82	1757.0
19.824	1748.0
19.828	1738.0
19.832	1729.0
19.836	1723.0
19.84	1720.0
19.844	1717.0
19.848	1712.0
19.852	1709.0
19.856	1707.0
19.86	1705.0
19.864	1703.0
19.868	1698.0
19.872	1693.0
19.876	1691.0
19.88	1690.0
19.884	1687.0
19.888	1684.0
19.892	1685.0
19.896	1686.0
19.9	1684.0
19.904	1683.0
19.908	1682.0
19.912	1681.0
19.916	1680.0
19.92	1678.0
19.924	1680.0
19.928	1679.0
19.932	1681.0
19.936	1683.0
19.94	1685.0
19.944	1686.0
19.948	1686.0
19.952	1685.0
19.956	1684.0
19.96	1685.0
19.964	1687.0
19.968	1687.0
19.972	1687.0
19.976	1688.0
19.98	1690.0
19.984	1689.0
19.988	1688.0
19.992	1685.0
19.996	1685.0
20.0	1682.0
20.004	1679.0
20.008	1678.0
20.012	1680.0
20.016	1680.0
20.02	1680.0
20.024	1681.0
20.028	1683.0
20.032	1687.0
20.036	1691.0
20.04	1695.0
20.044	1696.0
20.048	1697.0
20.052	1697.0
20.056	1697.0
20.06	1697.0
20.064	1699.0
20.068	1702.0
20.072	1703.0
20.076	1704.0
20.08	1706.0
20.084	1705.0
20.088	1702.0
20.092	1701.0
20.096	1698.0
20.1	1696.0
20.104	1696.0
20.108	1696.0
20.112	1695.0
20.116	1694.0
20.12	1695.0
20.124	1695.0
20.128	1696.0
20.132	1697.0
20.136	1697.0
20.14	1694.0
20.144	1692.0
20.148	1691.0
20.152	1690.0
20.156	1688.0
20.16	1689.0
20.164	1691.0
20.168	1692.0
20.172	1694.0
20.176	1697.0
20.18	1697.0
20.184	1696.0
20.188	1694.0
20.192	1692.0
20.196	1692.0
20.2	1692.0
20.204	1690.0
20.208	1689.0
20.212	1689.0
20.216	1690.0
20.22	1695.0
20.224	1698.0
20.228	1699.0
20.232	1698.0
20.236	1694.0
20.24	1688.0
20.244	1683.0
20.248	1678.0
20.252	1674.0
20.256	1670.0
20.26	1667.0
20.264	1664.0
20.268	1661.0
20.272	1657.0
20.276	1652.0
20.28	1651.0
20.284	1653.0
20.288	1659.0
20.292	1665.0
20.296	1669.0
20.3	1672.0
20.304	1672.0
20.308	1670.0
20.312	1668.0
20.316	1667.0
20.32	1666.0
20.324	1663.0
20.328	1657.0
20.332	1654.0
20.336	1653.0
20.34	1650.0
20.344	1649.0
20.348	1648.0
20.352	1646.0
20.356	1646.0
20.36	1646.0
20.364	1645.0
20.368	1642.0
20.372	1640.0
20.376	1640.0
20.38	1640.0
20.384	1638.0
20.388	1637.0
20.392	1637.0
20.396	1637.0
20.4	1637.0
20.404	1640.0
20.408	1642.0
20.412	1647.0
20.416	1648.0
20.42	1647.0
20.424	1647.0
20.428	1647.0
20.432	1648.0
20.436	1649.0
20.44	1647.0
20.444	1648.0
20.448	1650.0
20.452	1653.0
20.456	1657.0
20.46	1658.0
20.464	1659.0
20.468	1662.0
20.472	1663.0
20.476	1662.0
20.48	1662.0
20.484	1664.0
20.488	1667.0
20.492	1668.0
20.496	1671.0
20.5	1675.0
20.504	1673.0
20.508	1670.0
20.512	1668.0
20.516	1668.0
20.52	1666.0
20.524	1664.0
20.528	1664.0
20.532	1664.0
20.536	1665.0
20.54	1666.0
20.544	1664.0
20.548	1658.0
20.552	1654.0
20.556	1651.0
20.56	1652.0
20.564	1653.0
20.568	1656.0
20.572	1658.0
20.576	1658.0
20.58	1656.0
20.584	1652.0
20.588	1647.0
20.592	1642.0
20.596	1640.0
20.6	1636.0
20.604	1628.0
20.608	1622.0
20.612	1613.0
20.616	1600.0
20.62	1587.0
20.624	1578.0
20.628	1576.0
20.632	1582.0
20.636	1597.0
20.64	1618.0
20.644	1641.0
20.648	1662.0
20.652	1678.0
20.656	1691.0
20.66	1699.0
20.664	1699.0
20.668	1695.0
20.672	1685.0
20.676	1673.0
20.68	1665.0
20.684	1659.0
20.688	1656.0
20.692	1656.0
20.696	1654.0
20.7	1653.0
20.704	1652.0
20.708	1650.0
20.712	1648.0
20.716	1643.0
20.72	1636.0
20.724	1629.0
20.728	1625.0
20.732	1624.0
20.736	1621.0
20.74	1619.0
20.744	1618.0
20.748	1621.0
20.752	1627.0
20.756	1630.0
20.76	1633.0
20.764	1636.0
20.768	1637.0
20.772	1639.0
20.776	1637.0
20.78	1635.0
20.784	1632.0
20.788	1630.0
20.792	1631.0
20.796	1634.0
20.8	1637.0
20.804	1639.0
20.808	1642.0
20.812	1643.0
20.816	1645.0
20.82	1647.0
20.824	1649.0
20.828	1649.0
20.832	1646.0
20.836	1641.0
20.84	1637.0
20.844	1631.0
20.848	1624.0
20.852	1619.0
20.856	1614.0
20.86	1612.0
20.864	1612.0
20.868	1612.0
20.872	1613.0
20.876	1617.0
20.88	1621.0
20.884	1625.0
20.888	1627.0
20.892	1630.0
20.896	1633.0
20.9	1634.0
20.904	1635.0
20.908	1635.0
20.912	1634.0
20.916	1634.0
20.92	1633.0
20.924	1630.0
20.928	1629.0
20.932	1629.0
20.936	1625.0
20.94	1618.0
20.944	1610.0
20.948	1603.0
20.952	1599.0
20.956	1596.0
20.96	1591.0
20.964	1585.0
20.968	1582.0
20.972	1579.0
20.976	1579.0
20.98	1581.0
20.984	1583.0
20.988	1589.0
20.992	1595.0
20.996	1602.0
21.0	1608.0
21.004	1611.0
21.008	1610.0
21.012	1609.0
21.016	1610.0
21.02	1609.0
21.024	1609.0
21.028	1608.0
21.032	1605.0
21.036	1606.0
21.04	1605.0
21.044	1604.0
21.048	1603.0
21.052	1601.0
21.056	1601.0
21.06	1600.0
21.064	1599.0
21.068	1599.0
21.072	1600.0
21.076	1600.0
21.08	1598.0
21.084	1596.0
21.088	1593.0
21.092	1593.0
21.096	1593.0
21.1	1592.0
21.104	1589.0
21.108	1587.0
21.112	1589.0
21.116	1589.0
21.12	1585.0
21.124	1581.0
21.128	1582.0
21.132	1585.0
21.136	1587.0
21.14	1589.0
21.144	1590.0
21.148	1593.0
21.152	1595.0
21.156	1596.0
21.16	1595.0
21.164	1595.0
21.168	1596.0
21.172	1594.0
21.176	1592.0
21.18	1588.0
21.184	1586.0
21.188	1582.0
21.192	1576.0
21.196	1571.0
21.2	1567.0
21.204	1563.0
21.208	1559.0
21.212	1559.0
21.216	1559.0
21.22	1559.0
21.224	1560.0
21.228	1560.0
21.232	1558.0
21.236	1556.0
21.24	1557.0
21.244	1556.0
21.248	1553.0
21.252	1550.0
21.256	1550.0
21.26	1550.0
21.264	1550.0
21.268	1549.0
21.272	1547.0
21.276	1544.0
21.28	1544.0
21.284	1544.0
21.288	1543.0
21.292	1541.0
21.296	1538.0
21.3	1537.0
21.304	1537.0
21.308	1537.0
21.312	1535.0
21.316	1535.0
21.32	1536.0
21.324	1538.0
21.328	1540.0
21.332	1542.0
21.336	1543.0
21.34	1543.0
21.344	1541.0
21.348	1535.0
21.352	1534.0
21.356	1531.0
21.36	1521.0
21.364	1511.0
21.368	1503.0
21.372	1492.0
21.376	1482.0
21.38	1471.0
21.384	1461.0
21.388	1451.0
21.392	1443.0
21.396	1434.0
21.4	1428.0
21.404	1425.0
21.408	1426.0
21.412	1424.0
21.416	1420.0
21.42	1419.0
21.424	1418.0
21.428	1415.0
21.432	1410.0
21.436	1403.0
21.44	1391.0
21.444	1379.0
21.448	1367.0
21.452	1353.0
21.456	1336.0
21.46	1317.0
21.464	1302.0
21.468	1285.0
21.472	1265.0
21.476	1244.0
21.48	1223.0
21.484	1200.0
21.488	1176.0
21.492	1150.0
21.496	1123.0
21.5	1096.0
21.504	1066.0
21.508	1036.0
21.512	1005.0
21.516	968.0
21.52	927.0
21.524	880.0
21.528	829.0
21.532	775.0
21.536	719.0
21.54	653.0
21.544	577.0
21.548	497.0
21.552	415.0
21.556	329.0
21.56	241.0
21.564	148.0
21.568	53.0
21.572	-46.0
21.576	-149.0
21.58	-258.0
21.584	-375.0
21.588	-503.0
21.592	-638.0
21.596	-778.0
21.6	-924.0
21.604	-1080.0
21.608	-1243.0
21.612	-1416.0
21.616	-1602.0
21.62	-1792.0
21.624	-1986.0
21.628	-2186.0
21.632	-2389.0
21.636	-2596.0
21.64	-2807.0
21.644	-3020.0
21.648	-3230.0
21.652	-3438.0
21.656	-3644.0
21.66	-3848.0
21.664	-4051.0
21.668	-4249.0
21.672	-4445.0
21.676	-4636.0
21.68	-4821.0
21.684	-4997.0
21.688	-5161.0
21.692	-5320.0
21.696	-5474.0
21.7	-5617.0
21.704	-5746.0
21.708	-5861.0
21.712	-5959.0
21.716	-6039.0
21.72	-6108.0
21.724	-6167.0
21.728	-6224.0
21.732	-6287.0
21.736	-6353.0
21.74	-6427.0
21.744	-6507.0
21.748	-6587.0
21.752	-6665.0
21.756	-6739.0
21.76	-6803.0
21.764	-6854.0
21.768	-6888.0
21.772	-6905.0
21.776	-6905.0
21.78	-6886.0
21.784	-6854.0
21.788	-6806.0
21.792	-6740.0
21.796	-6663.0
21.8	-6574.0
21.804	-6474.0
21.808	-6363.0
21.812	-6243.0
21.816	-6115.0
21.82	-5979.0
21.824	-5842.0
21.828	-5704.0
21.832	-5559.0
21.836	-5412.0
21.84	-5263.0
21.844	-5113.0
21.848	-4962.0
21.852	-4812.0
21.856	-4666.0
21.86	-4517.0
21.864	-4371.0
21.868	-4233.0
21.872	-4095.0
21.876	-3959.0
21.88	-3829.0
21.884	-3706.0
21.888	-3586.0
21.892	-3470.0
21.896	-3360.0
21.9	-3252.0
21.904	-3148.0
21.908	-3050.0
21.912	-2955.0
21.916	-2864.0
21.92	-2780.0
21.924	-2698.0
21.928	-2616.0
21.932	-2535.0
21.936	-2457.0
21.94	-2384.0
21.944	-2312.0
21.948	-2239.0
21.952	-2171.0
21.956	-2108.0
21.96	-2045.0
21.964	-1982.0
21.968	-1922.0
21.972	-1866.0
21.976	-1815.0
21.98	-1766.0
21.984	-1715.0
21.988	-1666.0
21.992	-1619.0
21.996	-1569.0
22.0	-1521.0
22.004	-1476.0
22.008	-1437.0
22.012	-1395.0
22.016	-1353.0
22.02	-1311.0
22.024	-1269.0
22.028	-1231.0
22.032	-1195.0
22.036	-1160.0
22.04	-1127.0
22.044	-1099.0
22.048	-1069.0
22.052	-1038.0
22.056	-1010.0
22.06	-984.0
22.064	-960.0
22.068	-935.0
22.072	-911.0
22.076	-887.0
22.08	-863.0
22.084	-838.0
22.088	-816.0
22.092	-794.0
22.096	-773.0
22.1	-756.0
22.104	-740.0
22.108	-723.0
22.112	-706.0
22.116	-690.0
22.12	-674.0
22.124	-655.0
22.128	-637.0
22.132	-619.0
22.136	-605.0
22.14	-593.0
22.144	-581.0
22.148	-567.0
22.152	-554.0
22.156	-544.0
22.16	-530.0
22.164	-514.0
22.168	-501.0
22.172	-490.0
22.176	-478.0
22.18	-465.0
22.184	-452.0
22.188	-439.0
22.192	-426.0
22.196	-415.0
22.2	-405.0
22.204	-395.0
22.208	-387.0
22.212	-380.0
22.216	-371.0
22.22	-362.0
22.224	-353.0
22.228	-346.0
22.232	-340.0
22.236	-333.0
22.24	-326.0
22.244	-319.0
22.248	-311.0
22.252	-304.0
22.256	-297.0
22.26	-287.0
22.264	-277.0
22.268	-269.0
22.272	-262.0
22.276	-254.0
22.28	-246.0
22.284	-237.0
22.288	-229.0
22.292	-221.0
22.296	-212.0
22.3	-205.0
22.304	-198.0
22.308	-192.0
22.312	-185.0
22.316	-179.0
22.32	-172.0
22.324	-165.0
22.328	-157.0
22.332	-152.0
22.336	-147.0
22.34	-142.0
22.344	-134.0
22.348	-125.0
22.352	-119.0
22.356	-113.0
22.36	-106.0
22.364	-99.0
22.368	-91.0
22.372	-84.0
22.376	-76.0
22.38	-70.0
22.384	-67.0
22.388	-63.0
22.392	-57.0
22.396	-52.0
22.4	-47.0
22.404	-43.0
22.408	-39.0
22.412	-34.0
22.416	-30.0
22.42	-24.0
22.424	-17.0
22.428	-12.0
22.432	-8.0
22.436	-8.0
22.44	-5.0
22.444	-3.0
22.448	-1.0
22.452	3.0
22.456	8.0
22.46	11.0
22.464	12.0
22.468	14.0
22.472	19.0
22.476	24.0
22.48	26.0
22.484	28.0
22.488	31.0
22.492	31.0
22.496	32.0
22.5	33.0
22.504	32.0
22.508	32.0
22.512	32.0
22.516	32.0
22.52	33.0
22.524	32.0
22.528	30.0
22.532	30.0
22.536	28.0
22.54	27.0
22.544	28.0
22.548	29.0
22.552	29.0
22.556	28.0
22.56	26.0
22.564	24.0
22.568	24.0
22.572	25.0
22.576	23.0
22.58	20.0
22.584	19.0
22.588	18.0
22.592	18.0
22.596	16.0
22.6	12.0
22.604	10.0
22.608	11.0
22.612	12.0
22.616	13.0
22.62	11.0
22.624	7.0
22.628	4.0
22.632	3.0
22.636	2.0
22.64	3.0
22.644	4.0
22.648	2.0
22.652	1.0
22.656	1.0
22.66	1.0
22.664	-3.0
22.668	-7.0
22.672	-7.0
22.676	-8.0
22.68	-8.0
22.684	-9.0
22.688	-11.0
22.692	-12.0
22.696	-14.0
22.7	-17.0
22.704	-19.0
22.708	-20.0
22.712	-21.0
22.716	-21.0
22.72	-22.0
22.724	-26.0
22.728	-28.0
22.732	-28.0
22.736	-28.0
22.74	-27.0
22.744	-27.0
22.748	-28.0
22.752	-31.0
22.756	-33.0
22.76	-33.0
22.764	-35.0
22.768	-36.0
22.772	-35.0
22.776	-35.0
22.78	-38.0
22.784	-41.0
22.788	-45.0
22.792	-48.0
22.796	-48.0
22.8	-48.0
22.804	-48.0
22.808	-48.0
22.812	-48.0
22.816	-48.0
22.82	-49.0
22.824	-50.0
22.828	-51.0
22.832	-53.0
22.836	-53.0
22.84	-54.0
22.844	-55.0
22.848	-56.0
22.852	-58.0
22.856	-59.0
22.86	-57.0
22.864	-60.0
22.868	-64.0
22.872	-65.0
22.876	-64.0
22.88	-64.0
22.884	-68.0
22.888	-69.0
22.892	-68.0
22.896	-67.0
22.9	-65.0
22.904	-66.0
22.908	-67.0
22.912	-68.0
22.916	-67.0
22.92	-69.0
22.924	-71.0
22.928	-72.0
22.932	-72.0
22.936	-74.0
22.94	-76.0
22.944	-75.0
22.948	-76.0
22.952	-76.0
22.956	-76.0
22.96	-77.0
22.964	-77.0
22.968	-76.0
22.972	-76.0
22.976	-79.0
22.98	-79.0
22.984	-80.0
22.988	-81.0
22.992	-80.0
22.996	-80.0
23.0	-82.0
23.004	-82.0
23.008	-81.0
23.012	-81.0
23.016	-80.0
23.02	-81.0
23.024	-81.0
23.028	-78.0
23.032	-75.0
23.036	-76.0
23.04	-76.0
23.044	-74.0
23.048	-73.0
23.052	-72.0
23.056	-73.0
23.06	-74.0
23.064	-73.0
23.068	-74.0
23.072	-76.0
23.076	-75.0
23.08	-72.0
23.084	-70.0
23.088	-70.0
23.092	-72.0
23.096	-72.0
23.1	-71.0
23.104	-68.0
23.108	-68.0
23.112	-72.0
23.116	-73.0
23.12	-70.0
23.124	-67.0
23.128	-64.0
23.132	-63.0
23.136	-63.0
23.14	-62.0
23.144	-61.0
23.148	-59.0
23.152	-58.0
23.156	-57.0
23.16	-56.0
23.164	-55.0
23.168	-53.0
23.172	-51.0
23.176	-50.0
23.18	-51.0
23.184	-53.0
23.188	-52.0
23.192	-50.0
23.196	-49.0
23.2	-50.0
23.204	-52.0
23.208	-51.0
23.212	-50.0
23.216	-50.0
23.22	-49.0
23.224	-48.0
23.228	-48.0
23.232	-47.0
23.236	-46.0
23.24	-45.0
23.244	-44.0
23.248	-44.0
23.252	-44.0
23.256	-43.0
23.26	-44.0
23.264	-43.0
23.268	-40.0
23.272	-41.0
23.276	-42.0
23.28	-43.0
23.284	-45.0
23.288	-47.0
23.292	-50.0
23.296	-48.0
23.3	-44.0
23.304	-42.0
23.308	-42.0
23.312	-44.0
23.316	-45.0
23.32	-43.0
23.324	-41.0
23.328	-41.0
23.332	-41.0
23.336	-42.0
23.34	-41.0
23.344	-40.0
23.348	-38.0
23.352	-36.0
23.356	-35.0
23.36	-35.0
23.364	-34.0
23.368	-33.0
23.372	-32.0
23.376	-32.0
23.38	-31.0
23.384	-32.0
23.388	-34.0
23.392	-32.0
23.396	-32.0
23.4	-34.0
23.404	-35.0
23.408	-36.0
23.412	-37.0
23.416	-38.0
23.42	-38.0
23.424	-38.0
23.428	-37.0
23.432	-35.0
23.436	-34.0
23.44	-35.0
23.444	-36.0
23.448	-35.0
23.452	-35.0
23.456	-37.0
23.46	-36.0
23.464	-35.0
23.468	-35.0
23.472	-33.0
23.476	-31.0
23.48	-30.0
23.484	-29.0
23.488	-31.0
23.492	-29.0
23.496	-28.0
23.5	-27.0
23.504	-28.0
23.508	-30.0
23.512	-32.0
23.516	-34.0
23.52	-35.0
23.524	-33.0
23.528	-34.0
23.532	-34.0
23.536	-32.0
23.54	-31.0
23.544	-29.0
23.548	-29.0
23.552	-29.0
23.556	-29.0
23.56	-29.0
23.564	-29.0
23.568	-31.0
23.572	-29.0
23.576	-29.0
23.58	-31.0
23.584	-30.0
23.588	-26.0
23.592	-24.0
23.596	-24.0
23.6	-24.0
23.604	-24.0
23.608	-23.0
23.612	-22.0
23.616	-23.0
23.62	-21.0
23.624	-19.0
23.628	-19.0
23.632	-17.0
23.636	-14.0
23.64	-14.0
23.644	-16.0
23.648	-15.0
23.652	-14.0
23.656	-13.0
23.66	-15.0
23.664	-16.0
23.668	-15.0
23.672	-15.0
23.676	-15.0
23.68	-15.0
23.684	-15.0
23.688	-15.0
23.692	-14.0
23.696	-14.0
23.7	-15.0
23.704	-13.0
23.708	-13.0
23.712	-14.0
23.716	-15.0
23.72	-14.0
23.724	-14.0
23.728	-14.0
23.732	-15.0
23.736	-17.0
23.74	-20.0
23.744	-20.0
23.748	-20.0
23.752	-21.0
23.756	-18.0
23.76	-14.0
23.764	-14.0
23.768	-16.0
23.772	-17.0
23.776	-18.0
23.78	-20.0
23.784	-21.0
23.788	-19.0
23.792	-17.0
23.796	-17.0
23.8	-18.0
23.804	-18.0
23.808	-16.0
23.812	-16.0
23.816	-18.0
23.82	-19.0
23.824	-19.0
23.828	-20.0
23.832	-20.0
23.836	-21.0
23.84	-21.0
23.844	-18.0
23.848	-15.0
23.852	-17.0
23.856	-18.0
23.86	-17.0
23.864	-16.0
23.868	-16.0
23.872	-17.0
23.876	-17.0
23.88	-16.0
23.884	-16.0
23.888	-18.0
23.892	-19.0
23.896	-20.0
23.9	-20.0
23.904	-20.0
23.908	-19.0
23.912	-16.0
23.916	-14.0
23.92	-15.0
23.924	-16.0
23.928	-18.0
23.932	-19.0
23.936	-18.0
23.94	-16.0
23.944	-15.0
23.948	-14.0
23.952	-12.0
23.956	-12.0
23.96	-12.0
23.964	-12.0
23.968	-10.0
23.972	-6.0
23.976	-6.0
23.98	-8.0
23.984	-8.0
23.988	-8.0
23.992	-10.0
23.996	-12.0
24.0	-12.0
24.004	-10.0
24.008	-6.0
24.012	-4.0
24.016	-4.0
24.02	-3.0
24.024	-1.0
24.028	-0.0
24.032	0.0
24.036	-1.0
24.04	-1.0
24.044	0.0
24.048	1.0
24.052	1.0
24.056	1.0
24.06	1.0
24.064	4.0
24.068	6.0
24.072	8.0
24.076	7.0
24.08	8.0
24.084	8.0
24.088	5.0
24.092	5.0
24.096	6.0
24.1	6.0
24.104	6.0
24.108	8.0
24.112	7.0
24.116	6.0
24.12	6.0
24.124	6.0
24.128	5.0
24.132	8.0
24.136	10.0
24.14	8.0
24.144	8.0
24.148	10.0
24.152	12.0
24.156	14.0
24.16	15.0
24.164	16.0
24.168	16.0
24.172	14.0
24.176	15.0
24.18	15.0
24.184	16.0
24.188	17.0
24.192	16.0
24.196	14.0
24.2	13.0
24.204	13.0
24.208	14.0
24.212	16.0
24.216	18.0
24.22	20.0
24.224	20.0
24.228	21.0
24.232	21.0
24.236	20.0
24.24	18.0
24.244	19.0
24.248	21.0
24.252	23.0
24.256	24.0
24.26	22.0
24.264	22.0
24.268	22.0
24.272	22.0
24.276	22.0
24.28	22.0
24.284	20.0
24.288	20.0
24.292	19.0
24.296	19.0
24.3	19.0
24.304	22.0
24.308	24.0
24.312	25.0
24.316	26.0
24.32	25.0
24.324	24.0
24.328	25.0
24.332	24.0
24.336	23.0
24.34	23.0
24.344	25.0
24.348	23.0
24.352	21.0
24.356	22.0
24.36	22.0
24.364	21.0
24.368	22.0
24.372	21.0
24.376	21.0
24.38	20.0
24.384	18.0
24.388	17.0
24.392	19.0
24.396	20.0
24.4	19.0
24.404	17.0
24.408	17.0
24.412	19.0
24.416	20.0
24.42	21.0
24.424	21.0
24.428	20.0
24.432	17.0
24.436	14.0
24.44	12.0
24.444	11.0
24.448	12.0
24.452	13.0
24.456	12.0
24.46	9.0
24.464	7.0
24.468	5.0
24.472	6.0
24.476	7.0
24.48	9.0
24.484	10.0
24.488	9.0
24.492	8.0
24.496	9.0
24.5	10.0
24.504	9.0
24.508	8.0
24.512	6.0
24.516	8.0
24.52	11.0
24.524	11.0
24.528	9.0
24.532	7.0
24.536	6.0
24.54	6.0
24.544	8.0
24.548	8.0
24.552	8.0
24.556	11.0
24.56	12.0
24.564	13.0
24.568	16.0
24.572	16.0
24.576	14.0
24.58	13.0
24.584	13.0
24.588	13.0
24.592	13.0
24.596	15.0
24.6	19.0
24.604	23.0
24.608	24.0
24.612	24.0
24.616	25.0
24.62	26.0
24.624	26.0
24.628	26.0
24.632	27.0
24.636	28.0
24.64	29.0
24.644	29.0
24.648	31.0
24.652	31.0
24.656	30.0
24.66	29.0
24.664	30.0
24.668	32.0
24.672	33.0
24.676	32.0
24.68	32.0
24.684	33.0
24.688	34.0
24.692	34.0
24.696	34.0
24.7	33.0
24.704	34.0
24.708	36.0
24.712	38.0
24.716	40.0
24.72	40.0
24.724	41.0
24.728	43.0
24.732	43.0
24.736	43.0
24.74	43.0
24.744	42.0
24.748	43.0
24.752	45.0
24.756	49.0
24.76	53.0
24.764	54.0
24.768	53.0
24.772	52.0
24.776	53.0
24.78	54.0
24.784	52.0
24.788	52.0
24.792	52.0
24.796	52.0
24.8	52.0
24.804	52.0
24.808	50.0
24.812	50.0
24.816	50.0
24.82	50.0
24.824	50.0
24.828	50.0
24.832	52.0
24.836	53.0
24.84	53.0
24.844	53.0
24.848	55.0
24.852	54.0
24.856	53.0
24.86	53.0
24.864	54.0
24.868	55.0
24.872	56.0
24.876	57.0
24.88	59.0
24.884	62.0
24.888	62.0
24.892	62.0
24.896	61.0
24.9	62.0
24.904	63.0
24.908	65.0
24.912	66.0
24.916	66.0
24.92	67.0
24.924	66.0
24.928	68.0
24.932	70.0
24.936	72.0
24.94	74.0
24.944	74.0
24.948	73.0
24.952	71.0
24.956	75.0
24.96	76.0
24.964	76.0
24.968	78.0
24.972	78.0
24.976	77.0
24.98	76.0
24.984	76.0
24.988	75.0
24.992	73.0
24.996	74.0
25.0	76.0
